400 0.0237086069502752
401 0.0237018651187745
402 0.0236906846522944
403 0.023688726331017
404 0.0236963922334784
405 0.0237092546545064
406 0.023727265832823
407 0.0237497780769179
408 0.0237812340114288
409 0.0238086753394314
410 0.0238269805874921
411 0.0238405261056827
412 0.0238675653676039
413 0.0238997569749696
414 0.0239410499343457
415 0.0239735686196634
416 0.0240108378605178
417 0.0240437788078706
418 0.0240769949876338
419 0.0241102171482895
420 0.0241473815048828
421 0.0241707927686927
422 0.0241989240593064
423 0.0242271485971756
424 0.0242604323575424
425 0.0243025362501088
426 0.0243349811542008
427 0.024344722737014
428 0.0243549859496867
429 0.0243786267114096
430 0.0243928327069733
431 0.0244064744115942
432 0.0244292950553401
433 0.0244480376620287
434 0.0244623538694449
435 0.0244723794492017
436 0.0244824107560632
437 0.024483975291579
438 0.0244855873336289
439 0.0244873905282123
440 0.0244943167721371
441 0.0245153561465224
442 0.0245280840357461
443 0.0245409055308942
444 0.0245455277975712
445 0.0245514030160141
446 0.0245526069297088
447 0.0245502217365401
448 0.0245537681260657
449 0.0245546571488394
450 0.0245482579067313
451 0.0245474414558374
452 0.0245445232271472
453 0.0245383355134612
454 0.0245323389825014
455 0.0245271102033615
456 0.0245179908650875
457 0.0245191695427701
458 0.0245150588888308
459 0.0245104557979765
460 0.0245054328384888
461 0.0244990160239727
462 0.0244867173138571
463 0.0244781090922769
464 0.0244659577472431
465 0.0244596732264835
466 0.0244605960418906
467 0.0244563507564251
468 0.0244504846826305
469 0.0244578973429781
470 0.0244603136509217
471 0.0244639066399855
472 0.0244634433226016
473 0.0244671060625884
474 0.0244705451510713
475 0.0244773120238908
476 0.0244841442821427
477 0.0244892516036631
478 0.0244948744671698
479 0.0245001624322405
480 0.0245037431789008
481 0.0245161042805777
482 0.0245188468816783
483 0.0245246713972139
484 0.0245321884646119
485 0.0245412314859044
486 0.024544272959462
487 0.0245550925708937
488 0.0245685594947898
489 0.0245813956861415
490 0.0246011092858061
491 0.0246325439189992
492 0.0246721805013055
493 0.0247242576137923
494 0.0247834684077202
495 0.0248573624172967
496 0.0249496295637523
497 0.0250693805353879
498 0.0252136498196497
499 0.0253807737720253
500 0.0255761509093891
501 0.0258145211332993
502 0.0260892037701663
503 0.0264095974149355
504 0.026767304729539
505 0.0271788576691606
506 0.027638934062341
507 0.0281645735485411
508 0.0287422908637184
509 0.029397201670761
510 0.0301145846239855
511 0.0309079902957573
512 0.0317818156352079
513 0.0327413792039807
514 0.0337674384823504
515 0.0348876927492423
516 0.0360666866553169
517 0.0373087842222261
518 0.0386035865490111
519 0.0399388196968353
520 0.0413089302868705
521 0.0426978693667424
522 0.0440986393151112
523 0.0454823792860607
524 0.0468208526731343
525 0.0481036407572764
526 0.0493161436196497
527 0.0504444900557008
528 0.0514680650204682
529 0.0523989830809268
530 0.0532373972231312
531 0.0539689505607431
532 0.0545933757940382
533 0.0551261832680053
534 0.0555650105978914
535 0.0559191850116184
536 0.056190719122178
537 0.0564093593391151
538 0.056566767735647
539 0.0566817683722284
540 0.0567252402962788
541 0.0568046397618124
542 0.056833732437041
543 0.0568700595591448
544 0.0568974406878006
545 0.0569536259425
546 0.0570001742081222
547 0.057074194866129
548 0.0571396423892416
549 0.0572343113036363
550 0.05727499279623
551 0.0573040689985609
552 0.0572867989523746
553 0.0572478642242681
554 0.0571631984216339
555 0.0570190490496757
556 0.0567929312104309
557 0.0565490959485538
558 0.0562137267892243
559 0.0558343676145253
560 0.0554333080657436
561 0.0549782677107185
562 0.05446042965395
563 0.0538888835311293
564 0.0532675501503085
565 0.0526059305500233
566 0.0518923009747627
567 0.0511471117149085
568 0.050369483120413
569 0.049563889713697
570 0.0487603470577185
571 0.0479328361882811
572 0.0471410945587291
573 0.0463784329667534
574 0.0456434550208107
575 0.0449586868950007
576 0.0443027500080228
577 0.0437091611164649
578 0.0431538712682907
579 0.0426370770383824
580 0.0421538202108874
581 0.0417019961862071
582 0.0412825216076636
583 0.0408908800607094
584 0.0405254884377036
585 0.04020093859215
586 0.0398834885120417
587 0.0395912763526716
588 0.0393324392451045
589 0.0390962398434283
590 0.0388788826801929
591 0.0386939935201305
592 0.0385118443107472
593 0.0383604707730631
594 0.0382249357040904
595 0.0381185344060992
596 0.037999519302377
597 0.0378953198251847
598 0.0377969732224943
599 0.0376814622729111
600 0.0375702689840932
601 0.0374312167998036
602 0.0372810810349285
603 0.0371155596205369
604 0.0369073945091187
605 0.0366987382677914
606 0.0364582981182773
607 0.0361834375489787
608 0.0358974505915096
609 0.0356002738260961
610 0.0353010571796129
611 0.0350004111351805
612 0.0346989238379904
613 0.0343906120778755
614 0.0340927640636749
615 0.0337969649443721
616 0.0335278702012729
617 0.0332716312918972
618 0.0330318950616109
619 0.0328242116580225
620 0.0326465152477533
621 0.0324891172198863
622 0.0323677113221879
623 0.0322594415974293
624 0.0321682281614592
625 0.0321049808574374
626 0.0320533968429216
627 0.0320211320331996
628 0.0320004087973631
629 0.0319759666112973
630 0.031959031416628
631 0.0319277198767926
632 0.0318739461275249
633 0.0318040268522208
634 0.0317024059428925
635 0.0315661062173963
636 0.0313986228982119
637 0.0311921334006933
638 0.0309582782514203
639 0.030696005252204
640 0.0304204637622451
641 0.0301357733784244
642 0.0298471292013636
643 0.0295607867970019
644 0.029288900154838
645 0.0290284838103542
646 0.0287919824201532
647 0.0285805341108702
648 0.0283967040255347
649 0.0282355972034993
650 0.0281027099294437
651 0.0280021139956611
652 0.0279137107858569
653 0.0278307455148406
654 0.0277523951529815
655 0.0276705739731231
656 0.0275918993822889
657 0.0275070418395044
658 0.0274201851240768
659 0.0273315932128759
660 0.0272514720368002
661 0.0271737074158843
662 0.0271123113712829
663 0.0270762334587968
664 0.0270598644320764
665 0.0270652190325622
666 0.0270908677865692
667 0.0271347362218963
668 0.0272056950302078
669 0.0272839890938283
670 0.027381101311675
671 0.0274859662561576
672 0.0275966588725391
673 0.0277247834995651
674 0.0278559148783846
675 0.0279975424877221
676 0.0281502955625252
677 0.0283065793746329
678 0.0284728990589191
679 0.0286365387482844
680 0.028795762393602
681 0.0289541121823943
682 0.0291017712596332
683 0.0292561790624882
684 0.0294239366973438
685 0.0296272866337256
686 0.0298891982684497
687 0.030276609455993
688 0.0308359515231701
689 0.0316187742992926
690 0.0327005215084688
691 0.0341157818750026
692 0.035912716564543
693 0.0381284243749235
694 0.0407748525336833
695 0.0438679750733488
696 0.0473853946865665
697 0.0513381651755924
698 0.0556783182127117
699 0.0603671479335567
700 0.0654016830154766
701 0.0707403598812932
702 0.0762609885397942
703 0.0819857515175963
704 0.0878532029430971
705 0.0938250708375507
706 0.0999132555698629
707 0.106101551397279
708 0.11241260108875
709 0.118811329252233
710 0.125343538972654
711 0.131974913509416
712 0.138735915420997
713 0.145635602245075
714 0.152684156049363
715 0.159852720049613
716 0.167186902620205
717 0.174622291295597
718 0.182156623659957
719 0.189838117030547
720 0.197582789064928
721 0.205441754629147
722 0.213374810962703
723 0.221332509542352
724 0.229293555220205
725 0.237305474410353
726 0.24521619249743
727 0.25312227794488
728 0.260904470581321
729 0.268609204840019
730 0.276192717981222
731 0.283508398306724
732 0.2907445270338
733 0.297778768479652
734 0.304520281928269
735 0.311032094095405
736 0.317301897459908
737 0.32333363397951
738 0.329082106727219
739 0.334596563149201
740 0.33981110223057
741 0.344722048236273
742 0.349369698307598
743 0.353715179225433
744 0.357815323353711
745 0.361635893934133
746 0.365211569223511
747 0.368500283359695
748 0.371545877094069
749 0.3743303589197
750 0.376868648542365
751 0.379346735413093
752 0.381783287328984
753 0.384123487185686
754 0.386352473775673
755 0.388511197342548
756 0.390616150503542
757 0.392632683465458
758 0.394554046751261
759 0.396384732863968
760 0.398124834571137
761 0.399716109541421
762 0.401223148443483
763 0.402633480018581
764 0.403961744965198
765 0.405171967346672
766 0.406267881567727
767 0.407271196318485
768 0.408205575208627
769 0.409051219617394
770 0.409786378664145
771 0.410476121632475
772 0.411097349365216
773 0.411643417126806
774 0.412128219225396
775 0.41251157392347
776 0.412929244134878
777 0.413312276875676
778 0.413609160721798
779 0.413860685126281
780 0.414057210338679
781 0.41422904446836
782 0.414400073778649
783 0.414600660272216
784 0.414771515039558
785 0.414946739160893
786 0.4151291733179
787 0.415280825020635
788 0.415457443630763
789 0.415598441987583
790 0.415775679797562
791 0.415889169952609
792 0.416041332746572
793 0.416156843625219
794 0.416299715518904
795 0.416413472812435
796 0.41655793356455
797 0.416671826047412
798 0.416814550471671
799 0.41693047922096
800 0.417077560140701
801 0.4172465403092
802 0.417385362710874
803 0.417560767764925
804 0.417731446785798
805 0.417900922500382
806 0.418067682921122
807 0.41823981001011
808 0.418417320850438
809 0.418573858565821
810 0.418743520882959
811 0.418906494991463
812 0.419102150478492
813 0.419259650218879
814 0.419454181280034
815 0.419618794056348
816 0.419806779941354
817 0.419963049721031
818 0.420145091541699
819 0.420311675013056
820 0.420498800033875
821 0.420640724517746
822 0.420777251244762
823 0.420933774434173
824 0.421084666678648
825 0.421237176520114
826 0.421298659544387
827 0.421408483585711
828 0.421501280626865
829 0.421547361718903
830 0.421635778130449
831 0.421697401819728
832 0.421727214294881
833 0.4217263433302
834 0.421801036892734
835 0.421883440800739
836 0.421918051194973
837 0.422000032339945
838 0.422064002690174
839 0.422139343608788
840 0.422228055441017
841 0.42235076318962
842 0.422509209625283
843 0.422623900489582
844 0.422787862470593
845 0.422913301479259
846 0.423066401746207
847 0.423226921245053
848 0.423356893637244
849 0.423496883908248
850 0.423640060433634
851 0.423730985027082
852 0.42381857898791
853 0.423912497969045
854 0.424017529849325
855 0.424107667212645
856 0.424184327359509
857 0.424250577587871
858 0.424354827457678
859 0.42439939196488
860 0.424498409291148
861 0.424601840088724
862 0.424685960806522
863 0.424784646636024
864 0.424875641733858
865 0.424953119021764
866 0.425121196797524
867 0.425305399045407
868 0.425466617151045
869 0.4256632193173
870 0.425818927952811
871 0.425947986954534
872 0.426106359626711
873 0.426268239691367
874 0.426404883647502
875 0.426557771929836
876 0.42664030886582
877 0.426751618082406
878 0.426837157224428
879 0.426955418843033
880 0.427046355221825
881 0.427133652967164
882 0.427250983302763
883 0.427349389803369
884 0.427429546381679
885 0.427554544780227
886 0.427644370813351
887 0.427727587013755
888 0.427819947911396
889 0.427909611478252
890 0.427993754024288
891 0.428059631604952
892 0.428103336534294
893 0.428201454105691
894 0.428260812912036
895 0.428343415535925
896 0.428371120545974
897 0.42846257232626
898 0.428513737610169
899 0.42858089455526
900 0.428630146376628
901 0.428710288638564
902 0.428771201460452
903 0.428840185325891
904 0.428934389684484
905 0.429026395054258
906 0.429097445285943
907 0.429178272497748
908 0.429240135669512
909 0.429361616776359
910 0.429443592861557
911 0.429538826180227
912 0.42956078240447
913 0.429643439339345
914 0.429711887091136
915 0.42981725777339
916 0.429883468371956
917 0.429911987413424
918 0.42995634534371
919 0.430037495218671
920 0.430158512940591
921 0.430164034224122
922 0.430114716244807
923 0.430106257914354
924 0.430163594019754
925 0.430162632414901
926 0.430195291990982
927 0.430217357059452
928 0.430127356214204
929 0.429911993488347
930 0.429798121137395
931 0.429701029759155
932 0.429590645400277
933 0.429475621529289
934 0.429381146444692
935 0.42922777770082
936 0.428888767292504
937 0.428585179458501
938 0.428435450586382
939 0.428336448338733
940 0.428002882914271
941 0.427427407942529
942 0.42713117921048
943 0.42696909835195
944 0.426695392551428
945 0.426324605690388
946 0.425959480384156
947 0.425668378625941
948 0.425415639502356
949 0.424769652415207
950 0.423597107303188
951 0.422881684513822
952 0.422429791484813
953 0.421779895500612
954 0.421032580896884
955 0.420353190631951
956 0.419727101456941
957 0.419135218382083
958 0.418653400313845
959 0.418248308156395
960 0.417771378731708
961 0.417134105414933
962 0.416851965337316
963 0.416800187753961
964 0.416704448175793
965 0.416572774526187
966 0.416523226508276
967 0.416522223932417
968 0.416552741623163
969 0.416588761276429
970 0.416615801820037
971 0.416647338694498
972 0.416699499157587
973 0.416738218243597
974 0.416754477043521
975 0.416830181864691
976 0.416914861365594
977 0.417031135645207
978 0.417173582200525
979 0.417325028551061
980 0.417518133688016
981 0.417674288034935
982 0.41786671613489
983 0.418037552589915
984 0.418258303334538
985 0.418448461168475
986 0.418724998386287
987 0.418975552724955
988 0.419262780258097
989 0.419512938167869
990 0.419821602208266
991 0.420217340426059
992 0.420604594204594
993 0.420950201853977
994 0.421287103988656
995 0.421674916595513
996 0.422054117909325
997 0.422429274164175
998 0.422791142410838
999 0.42314540023276
1000 0.423509439897281
1001 0.4238774921242
1002 0.42424142165894
1003 0.424537394142964
1004 0.424861627943929
1005 0.425209586779739
1006 0.425470773113945
1007 0.425787037934724
1008 0.426072366998454
1009 0.426356745532025
1010 0.426678953874216
1011 0.427009605147425
1012 0.427328000109272
1013 0.427618547471518
1014 0.427904734497415
1015 0.428192806644121
1016 0.428545747435823
1017 0.428864576303195
1018 0.429240632028364
1019 0.429652144679877
1020 0.430043819571749
1021 0.430445500195986
1022 0.430800132620167
1023 0.431152192322799
1024 0.431504784592292
1025 0.431862526257363
1026 0.43218247434877
1027 0.432488607526306
1028 0.432860625660411
1029 0.433227284922224
1030 0.43355874525084
1031 0.433790789484137
1032 0.43395832241421
1033 0.434181061561822
1034 0.434481792211209
1035 0.434773452160067
1036 0.435002421311947
1037 0.435181109449095
1038 0.435408470183533
1039 0.435631159315568
1040 0.435795631564883
1041 0.435992049332042
1042 0.436195650509871
1043 0.43635340750239
1044 0.436501104637103
1045 0.436621606806418
1046 0.436759117087754
1047 0.436987588747543
1048 0.437177200270385
1049 0.437349225942712
1050 0.437504297732465
1051 0.437635124871119
1052 0.437812727687796
1053 0.437995352111212
1054 0.438155703866353
1055 0.438239730197715
1056 0.438338308136496
1057 0.438429606487622
1058 0.438530840460082
1059 0.438646951167279
1060 0.438787887759384
1061 0.439022117418479
1062 0.4392588113249
1063 0.439428895222629
1064 0.43959413309117
1065 0.4397913743508
1066 0.439922119446349
1067 0.44007304229914
1068 0.440206510047742
1069 0.44032771384301
1070 0.440451577688335
1071 0.440464153021982
1072 0.440516292395354
1073 0.440563456280746
1074 0.440598285220719
1075 0.440610590183137
1076 0.440565993030292
1077 0.440563355045818
1078 0.440598228092085
1079 0.440635460921377
1080 0.440657770832861
1081 0.440635261279805
1082 0.440617536699525
1083 0.44054531615609
1084 0.440510083813666
1085 0.44047773355067
1086 0.440489967026077
1087 0.440504895412486
1088 0.440487362700506
1089 0.440452699363756
1090 0.440398238491013
1091 0.440375751098129
1092 0.440397983670994
1093 0.440464792729096
1094 0.440474391092184
1095 0.440452066131413
1096 0.440306045180189
1097 0.440131153617793
1098 0.439938934023048
1099 0.439862663837522
1100 0.439825960852623
1101 0.439685619481414
1102 0.439505932017895
1103 0.439291930745941
1104 0.439171713019446
1105 0.439046634915358
1106 0.439027988862945
1107 0.438896334123154
1108 0.438796387258318
1109 0.438718044475728
1110 0.438700626434023
1111 0.438646970319089
1112 0.438485423302948
1113 0.438397597082138
1114 0.43846467730411
1115 0.438595482011373
1116 0.438576011432859
1117 0.43844535390871
1118 0.438236494999396
1119 0.43812094701705
1120 0.437982715212579
1121 0.437746914896061
1122 0.43741243515598
1123 0.437093191198019
1124 0.436886097119677
1125 0.436671212205776
1126 0.436284059615267
1127 0.435655024319878
1128 0.434984855694924
1129 0.43447984407561
1130 0.433976194894085
1131 0.433312937210869
1132 0.43227186497325
1133 0.4310872530538
1134 0.43001775068594
1135 0.42906147753408
1136 0.428161152211541
1137 0.427243633586541
1138 0.426077101071525
1139 0.424462975555101
1140 0.42237653324219
1141 0.420399050162086
1142 0.418952728256403
1143 0.41772370571747
1144 0.416154810647597
1145 0.413990707690112
1146 0.411804515229259
1147 0.410261795497823
1148 0.409200714852875
1149 0.408310235223469
1150 0.407235138272624
1151 0.405961438405566
1152 0.40465909150044
1153 0.403366904400476
1154 0.402325166740444
1155 0.401610584351593
1156 0.401119106123201
1157 0.400759183822372
1158 0.400369923054832
1159 0.399971700816422
1160 0.399584197130875
1161 0.399267292949797
1162 0.399010296363762
1163 0.398941453735348
1164 0.398951698152592
1165 0.399021348206096
1166 0.398922675873135
1167 0.398814152275225
1168 0.398745157923316
1169 0.398705706758751
1170 0.398676206051746
1171 0.398519073741991
1172 0.398204873816893
1173 0.397900986837153
1174 0.397891839339909
1175 0.398039675444841
1176 0.398306044620374
1177 0.398385624584795
1178 0.398386593212225
1179 0.398417309329989
1180 0.398428381973319
1181 0.398459128287529
1182 0.39843099387889
1183 0.398373245878256
1184 0.398285830847894
1185 0.398208031081345
1186 0.398168798898755
1187 0.398089699740165
1188 0.398060556093117
1189 0.398002384449576
1190 0.398003736663348
1191 0.397887104427527
1192 0.397849493914254
1193 0.397772845723427
1194 0.39772516747517
1195 0.397628350550447
1196 0.397550312217253
1197 0.39753080164416
1198 0.39753080164416
1199 0.397697058538914
1200 0.39798069735971
1201 0.398285053799467
1202 0.39830058073723
1203 0.398213701240271
1204 0.398180094868461
1205 0.398292784529531
1206 0.398497087016564
1207 0.398657699930182
1208 0.398705493509758
1209 0.398674922228265
1210 0.398663902076493
1211 0.398783849501616
1212 0.398884183546975
1213 0.398980635114682
1214 0.398884879491934
1215 0.398793925366934
1216 0.398875518871819
1217 0.399118738201543
1218 0.399430581811477
1219 0.399673554265404
1220 0.399720793274661
1221 0.399639735700774
1222 0.399557929832968
1223 0.399539128610841
1224 0.399598879031543
1225 0.399658659905344
1226 0.399571536265069
1227 0.399434202621301
1228 0.399326881195046
1229 0.399308208685721
1230 0.39934285231603
1231 0.399402575752337
1232 0.399387860661991
1233 0.39937313859755
1234 0.39939760987445
1235 0.399422096609654
1236 0.399486743070529
1237 0.399473072982407
1238 0.399421345621943
1239 0.399290440224296
1240 0.399227645793647
1241 0.399219287174367
1242 0.399245013518145
1243 0.399358314073635
1244 0.399328355830088
1245 0.399412891011252
1246 0.39929427178205
1247 0.399260197289819
1248 0.39918196046547
1249 0.399088355158794
1250 0.399008998588828
1251 0.39896348995692
1252 0.398843974400435
1253 0.398780146105903
1254 0.398593266728603
1255 0.398344295587266
1256 0.398169846013066
1257 0.398040839211332
1258 0.397940391527552
1259 0.397833604040657
1260 0.397849411067589
1261 0.397863746028672
1262 0.397849757242299
1263 0.39773015874239
1264 0.397610717941935
1265 0.397452836198917
1266 0.397303947357999
1267 0.397164226950276
1268 0.396994892956934
1269 0.396879644656363
1270 0.396633765522431
1271 0.396396526064188
1272 0.396121453685821
1273 0.395800119993357
1274 0.39545001156099
1275 0.395138773823621
1276 0.394904149281238
1277 0.394716414591555
1278 0.394533552540056
1279 0.394315137249974
1280 0.393992105651287
1281 0.393653077067525
1282 0.393306649767823
1283 0.392904849499002
1284 0.392575368976756
1285 0.392210662311153
1286 0.391954964145085
1287 0.39176615158458
1288 0.391544769332242
1289 0.391231875755164
1290 0.390955576908502
1291 0.390547696200244
1292 0.390180490505523
1293 0.389810474069283
1294 0.389371599423234
1295 0.388941062701753
1296 0.38836314804279
1297 0.387801594844036
1298 0.387281888015623
1299 0.386832580771003
1300 0.386687930993448
1301 0.385754222684909
1302 0.385484848550447
1303 0.385115692756899
1304 0.384586840824203
1305 0.384191150188031
1306 0.383210725587491
1307 0.382676604320827
1308 0.381925894784269
1309 0.381205935615441
1310 0.380586494990267
1311 0.379962135331035
1312 0.37912563663455
1313 0.378049924096365
1314 0.37717878992751
1315 0.376146098897509
1316 0.375275476321148
1317 0.374314177269835
1318 0.373197674660601
1319 0.372108400823732
1320 0.370539235892851
1321 0.369470270630963
1322 0.368180551031004
1323 0.366941031644616
1324 0.365915431922455
1325 0.365366545273943
1326 0.364181182354343
1327 0.362395040461282
1328 0.360632348835541
1329 0.358997893938679
1330 0.35804694934693
1331 0.357106387038504
1332 0.35593635415229
1333 0.354513100549354
1334 0.352484459985404
1335 0.350493944155793
1336 0.348845719437323
1337 0.347107400088256
1338 0.345591747420039
1339 0.344437395163384
1340 0.343532471804864
1341 0.34232356451871
1342 0.340739567354644
1343 0.339493062023587
1344 0.337729015328126
1345 0.335642878674821
1346 0.33342800001367
1347 0.33147853658786
1348 0.329673587120492
1349 0.328392481148172
1350 0.326622399047344
1351 0.325295971456202
1352 0.323600508456659
1353 0.322129348352716
1354 0.320573926888807
1355 0.319296727752077
1356 0.317645997631964
1357 0.316371469306592
1358 0.314915535274749
1359 0.314528104964483
1360 0.314393526567665
1361 0.313683555743968
1362 0.312304814799557
1363 0.310626069362363
1364 0.30937585532896
1365 0.308050212448319
1366 0.306187981003558
1367 0.305061156786452
1368 0.3031360245274
1369 0.300969206338847
1370 0.298570340721524
1371 0.295472950588148
1372 0.292135070754061
1373 0.289315246048836
1374 0.285747039563198
1375 0.281674366742418
1376 0.278302275979869
1377 0.27438771297378
1378 0.270633794356567
1379 0.266646925895737
1380 0.263756263125473
1381 0.258891446049577
1382 0.253844410393878
1383 0.248101382769131
1384 0.243293901322436
1385 0.236930357552828
1386 0.230760987671734
1387 0.224807973896742
1388 0.218407654233638
1389 0.21356479982898
1390 0.207353581638011
1391 0.20186246400565
1392 0.196344621414138
1393 0.191217277751103
1394 0.185554209085023
1395 0.181529013091454
1396 0.176859685244317
1397 0.171775693964732
1398 0.167350374565633
1399 0.163102486417234
1400 0.159113474908275
1401 0.155331923870007
1402 0.151401440636695
1403 0.148074466685385
1404 0.145079484414161
1405 0.142613073853676
1406 0.139777281790264
1407 0.137186904628234
1408 0.13475081358431
1409 0.132255700149498
1410 0.130004970913601
1411 0.128127287316607
1412 0.12629794661276
1413 0.124683222754538
1414 0.123134623530218
1415 0.121634358722418
1416 0.120257513101675
1417 0.118993355564063
1418 0.11772887909911
1419 0.116651517827855
1420 0.115641299672898
1421 0.114621079310014
1422 0.113654954072888
1423 0.11274627772539
1424 0.11191517059417
1425 0.110947654722427
1426 0.110205575596771
1427 0.109533964679952
1428 0.108939442987707
1429 0.108358691634468
1430 0.107768384169329
1431 0.107280933469675
1432 0.106743292785468
1433 0.106384540540689
1434 0.105906070672847
1435 0.10551492812773
1436 0.105174188650525
1437 0.104829573470849
1438 0.10451357973588
1439 0.104265468447398
1440 0.104028326666177
1441 0.103798154710954
1442 0.103631449199009
1443 0.103530991799583
1444 0.103429247383597
1445 0.103376417840742
1446 0.103284141362925
1447 0.103208495665145
1448 0.103188605093866
1449 0.103178757477817
1450 0.103184519478869
1451 0.103223585160197
1452 0.103252600658803
1453 0.103294783680215
1454 0.103377042402957
1455 0.103479836113703
1456 0.103629647663955
1457 0.103795809741552
1458 0.104049085334212
1459 0.104244563297185
1460 0.104419711460108
1461 0.104762787582284
1462 0.105090531610822
1463 0.105443917399802
1464 0.105944781462539
1465 0.106411682767263
1466 0.106876714197731
1467 0.107548976913865
1468 0.108119684207037
1469 0.108716141697631
1470 0.109458920404653
1471 0.110061563648059
1472 0.110665957003649
1473 0.111524619143938
1474 0.112153537063116
1475 0.113103420052306
1476 0.113840982139016
1477 0.1145896847831
1478 0.115424994771456
1479 0.116191590132093
1480 0.117162007906698
1481 0.117853446896317
1482 0.118682546592225
1483 0.1194179910786
1484 0.120341109634885
1485 0.121102722296828
1486 0.121861855625602
1487 0.122870381419045
1488 0.123731997170329
1489 0.124853117488315
1490 0.125662274812485
1491 0.126778008279415
1492 0.127693717882506
1493 0.128740820849434
1494 0.129674169576068
1495 0.130853970538734
1496 0.131889825826851
1497 0.13301491999995
1498 0.134100221725164
1499 0.135064315702568
1500 0.136239141189456
1501 0.137068628926262
1502 0.138208561981497
1503 0.139290457210958
1504 0.140472040124161
1505 0.141651074743175
1506 0.142585503377749
1507 0.143772420054311
1508 0.144637479496894
1509 0.145851143018949
1510 0.147092545479223
1511 0.148164950464118
1512 0.149419334512623
1513 0.150333847115272
1514 0.151564091103294
1515 0.152837701273442
1516 0.153830817185061
1517 0.155111822757261
1518 0.156314967384642
1519 0.157288019506922
1520 0.158444056696782
1521 0.159703821705241
1522 0.160651499132337
1523 0.161910064391489
1524 0.163188890403447
1525 0.164161774912799
1526 0.165318143618872
1527 0.16644052336008
1528 0.167386798109267
1529 0.168389555541013
1530 0.169421192554456
1531 0.170657759307431
1532 0.171538953965322
1533 0.172657677477043
1534 0.173784113168305
1535 0.17486450248138
1536 0.175774549627531
1537 0.176864510115017
1538 0.177817412247309
1539 0.179018365742009
1540 0.180011099092101
1541 0.180884892333661
1542 0.182000363636395
1543 0.183066893022944
1544 0.184229857097949
1545 0.185089215348697
1546 0.185938557332814
1547 0.187051102249167
1548 0.188027249062335
1549 0.189000480032192
1550 0.189936571978998
1551 0.190748005401044
1552 0.191519892712612
1553 0.192522540573915
1554 0.193339257700761
1555 0.194300255517849
1556 0.195287006835323
1557 0.196170928825335
1558 0.196756248910091
1559 0.197540148847956
1560 0.198278180159166
1561 0.19901680743606
1562 0.19975919582236
1563 0.200575503777959
1564 0.20123251900235
1565 0.202080684208362
1566 0.202734525764822
1567 0.203591950310898
1568 0.204239860131425
1569 0.204976874995635
1570 0.205709871723076
1571 0.206422138939274
1572 0.207164702350561
1573 0.207956088912306
1574 0.208738604508541
1575 0.209296224299394
1576 0.210182588616456
1577 0.210730247096545
1578 0.211403258952008
1579 0.21211226766624
1580 0.212709797807961
1581 0.213518895856668
1582 0.214278887733091
1583 0.215112570452952
1584 0.215736060546071
1585 0.216529734442473
1586 0.217292005134835
1587 0.217946382958971
1588 0.218460725302959
1589 0.219257536721891
1590 0.219856293799412
1591 0.220638604801002
1592 0.221394911157092
1593 0.222351058727176
1594 0.223203009270838
1595 0.224004398839194
1596 0.224416643220738
1597 0.2251240613882
1598 0.225652900041376
1599 0.226392720479641
1600 0.227058221504196
1601 0.227652443392857
1602 0.228141508704351
1603 0.228988284544711
1604 0.229489586876931
1605 0.230203040143998
1606 0.230738275920269
1607 0.231322672457832
1608 0.231747563004588
1609 0.232354257458908
1610 0.232743693425145
1611 0.233351174195036
1612 0.233896802770272
1613 0.234579542179759
1614 0.235092578467068
1615 0.235652813945118
1616 0.236049984729711
1617 0.23646276916742
1618 0.236808306760146
1619 0.237434075732308
1620 0.237712950065228
1621 0.23820970921443
1622 0.238716342405814
1623 0.239246967365602
1624 0.239831592404395
1625 0.240268951560516
1626 0.240491188512789
1627 0.241027412457707
1628 0.241236571596558
1629 0.24168603291499
1630 0.241989048990569
1631 0.242334652596298
1632 0.242413518934587
1633 0.242905222672967
1634 0.243320997079042
1635 0.243840378708912
1636 0.243941705733204
1637 0.244411965030442
1638 0.24460986967208
1639 0.244986564293716
1640 0.244978283135502
1641 0.245522875848923
1642 0.245731614647756
1643 0.246164096658355
1644 0.246325956653278
1645 0.246626533530773
1646 0.24682933670502
1647 0.247159016808394
1648 0.247164329523748
1649 0.247676853918804
1650 0.247663451767605
1651 0.247685770061884
1652 0.247532241737967
1653 0.247851296142895
1654 0.247381071235766
1655 0.247454454210842
1656 0.2472101175331
1657 0.247282278801206
1658 0.24674014402464
1659 0.246443478739241
1660 0.246173659398443
1661 0.245891505030118
1662 0.245414655727443
1663 0.245198854614106
1664 0.244729137098621
1665 0.244496654681754
1666 0.243951011515164
1667 0.243628845701549
1668 0.243071647557148
1669 0.242714616650278
1670 0.242721600866338
1671 0.243991878715945
1672 0.243407900192607
1673 0.243200038768516
1674 0.242790949716109
1675 0.242412140124122
1676 0.241765478840064
1677 0.241513396779649
1678 0.240990647135955
1679 0.24055035927043
1680 0.239893187939493
1681 0.23954502914602
1682 0.238812801258329
1683 0.238246309485694
1684 0.237788673616921
1685 0.237239725100997
1686 0.236575830709442
1687 0.236005844405439
1688 0.235344310262101
1689 0.234875244105971
1690 0.234186092880485
1691 0.233857920894334
1692 0.233430591344993
1693 0.233026367538983
1694 0.232295006403741
1695 0.2317999078734
1696 0.231286970950096
1697 0.230796807593544
1698 0.230210770641281
1699 0.229579632354081
1700 0.228986355727779
1701 0.228426570833096
1702 0.227789329219102
1703 0.22738450419212
1704 0.226904471418607
1705 0.226502450181293
1706 0.225887603714073
1707 0.225478602203918
1708 0.224755132649051
1709 0.224398466065094
1710 0.223855741890168
1711 0.223297005637828
1712 0.222752384070342
1713 0.222315691561037
1714 0.22180217030063
1715 0.221461953653808
1716 0.220937595822972
1717 0.220517640426027
1718 0.219865103142349
1719 0.21939345941348
1720 0.218769941673979
1721 0.218377057437812
1722 0.217927988332648
1723 0.217548664432068
1724 0.217163070432525
1725 0.216718821603853
1726 0.216264788890038
1727 0.216146470978674
1728 0.21590409289473
1729 0.215678294781511
1730 0.215426696014391
1731 0.215409560141577
1732 0.215245337271001
1733 0.215148434167069
1734 0.214896975308778
1735 0.214775686960061
1736 0.2149010122911
1737 0.214730266680586
1738 0.214532559798541
1739 0.214461670762452
1740 0.21419747140977
1741 0.214016828110107
1742 0.213760081233709
1743 0.213571615543515
1744 0.213125087219419
1745 0.212646995484232
1746 0.212177629934402
1747 0.211855039070777
1748 0.211342081781188
1749 0.210841455200826
1750 0.210375010090427
1751 0.209820649003503
1752 0.209179334141995
1753 0.208729180684439
1754 0.208312547304389
1755 0.207832529189835
1756 0.20723572944416
1757 0.206705283852229
1758 0.206294929951312
1759 0.20592992000352
1760 0.205465597343433
1761 0.2050121073285
1762 0.204746951375175
1763 0.204402025915124
1764 0.203889404279465
1765 0.203545575970568
1766 0.203295443727906
1767 0.203130079172447
1768 0.202851915696489
1769 0.202792547708261
1770 0.202709652327344
1771 0.202844946184592
1772 0.203039803440224
1773 0.202786629326931
1774 0.202778345064627
1775 0.202633280495561
1776 0.202546157433113
1777 0.202710606260054
1778 0.202729630104037
1779 0.202581411996972
1780 0.202562722231898
1781 0.202488863011514
1782 0.202507870044165
1783 0.202396739639143
1784 0.202357547741573
1785 0.202082625729666
1786 0.201941327290952
1787 0.201717556534852
1788 0.201751918047628
1789 0.201706526305781
1790 0.201534560202388
1791 0.201593117980205
1792 0.201496921672735
1793 0.201531173143838
1794 0.201617762944198
1795 0.201729109651632
1796 0.201677653107949
1797 0.201894502724172
1798 0.202207048920968
1799 0.202325388619153
1800 0.202331485739166
1801 0.202668855610311
1802 0.202811504622266
1803 0.202956288439739
1804 0.203060087427067
1805 0.203249619719739
1806 0.20329066521698
1807 0.203419014902123
1808 0.203277479412913
1809 0.20330915343164
1810 0.203446789573861
1811 0.203296601791641
1812 0.203205004868122
1813 0.203217588694396
1814 0.203234237036472
1815 0.203304426211174
1816 0.203103928229478
1817 0.203143194625794
1818 0.203133651867249
1819 0.203105402063916
1820 0.203208273777789
1821 0.203270881746572
1822 0.203281823388201
1823 0.203429641161057
1824 0.203320900829268
1825 0.203637026278563
1826 0.20362065319403
1827 0.20345051575552
1828 0.203170184829668
1829 0.203142128280611
1830 0.20297131473178
1831 0.202787028847124
1832 0.202258809376643
1833 0.202007600039251
1834 0.201721081106704
1835 0.201243292780391
1836 0.201073584720803
1837 0.200811890593263
1838 0.200357859121541
1839 0.200001358223669
1840 0.19956063451545
1841 0.198859032427446
1842 0.198275489929837
1843 0.197476571107269
1844 0.196797672731986
1845 0.195965857873924
1846 0.195094718156078
1847 0.194268296154704
1848 0.192945127592494
1849 0.191651306720844
1850 0.19026918784191
1851 0.189097199249325
1852 0.187012683836598
1853 0.185421999795221
1854 0.183723479660679
1855 0.181982491236595
1856 0.180056743937393
1857 0.177916938304127
1858 0.175512475845406
1859 0.173323039059928
1860 0.170691386633594
1861 0.168342088926346
1862 0.164413811270552
1863 0.161374911003321
1864 0.158210689603307
1865 0.155259483187846
1866 0.151726329729638
1867 0.148558141483575
1868 0.144898644487697
1869 0.141945963855685
1870 0.136849534606694
1871 0.133001058215669
1872 0.129165527262505
1873 0.125059204526769
1874 0.121157343554786
1875 0.116821118096195
1876 0.112821475030648
1877 0.106831245931395
1878 0.102443730502191
1879 0.098405916669299
1880 0.0943861559850037
1881 0.0902248740026035
1882 0.0867054107001656
1883 0.081380942912286
1884 0.0777554216786782
1885 0.074467513224227
1886 0.0713623691231406
1887 0.0682121085879363
1888 0.0644279796638611
1889 0.0616956806738183
1890 0.0593420001557413
1891 0.057178963244304
1892 0.0550765473131959
1893 0.0525642947957657
1894 0.050869148503044
1895 0.0494788988293273
1896 0.0482318438947017
1897 0.0472234793517103
1898 0.0456198362473189
1899 0.0448393893905224
1900 0.0440870733705792
1901 0.0433051537922492
1902 0.0423489124231477
1903 0.0417363349414554
1904 0.0412411011259948
1905 0.0408085633287247
1906 0.0401744069356068
1907 0.039791012938767
1908 0.039424540780968
1909 0.0391363837795874
1910 0.0387353962120128
1911 0.0384708057475176
1912 0.0382409005847605
1913 0.0380436020859044
1914 0.0377815218434106
1915 0.0376449587265325
1916 0.0374858903390527
1917 0.0373356685184975
1918 0.0371349293316173
1919 0.0370073659747756
1920 0.0368751704587561
1921 0.0367334145400876
1922 0.0366215971509629
1923 0.0365214236751243
1924 0.0364146260187916
1925 0.0363479653138381
1926 0.0362830397201564
1927 0.0362508051649036
1928 0.0362183537426538
1929 0.0361975904484138
1930 0.0361831673950485
1931 0.0361458360778828
1932 0.0360878376340967
1933 0.0360468608515912
1934 0.0360359798756351
1935 0.0360097344798618
1936 0.0360414998559335
1937 0.0360985978406737
1938 0.0361233045629933
1939 0.0361663096354965
1940 0.0362439472151778
1941 0.0363127224553313
1942 0.0363748246188963
1943 0.03648875969765
1944 0.0365759646507151
1945 0.0366641429824547
1946 0.0368020703344134
1947 0.0369266766424684
1948 0.0370214373217858
1949 0.0372018289162757
1950 0.037316464148235
1951 0.0375419686478442
1952 0.037675862076457
1953 0.0378343809868838
1954 0.0380564549406939
1955 0.0382423046786189
1956 0.0383835018014774
1957 0.0386331309527718
1958 0.0387994166169718
1959 0.0390389176311185
1960 0.0392409220748279
1961 0.0394047758074111
1962 0.0397149536284296
1963 0.0398904608654833
1964 0.040194340923889
1965 0.0404105853817561
1966 0.0406436048892915
1967 0.0409582401239586
1968 0.0412122211397311
1969 0.0415386878545779
1970 0.0417675321697288
1971 0.0421814241697356
1972 0.0424043747516808
1973 0.0426185842978688
1974 0.0430461290408465
1975 0.0433152915534048
1976 0.0437358315435428
1977 0.0440524117880675
1978 0.0445350517405538
1979 0.0448607724200371
1980 0.0453265700790829
1981 0.0456210996513337
1982 0.0458906138287983
1983 0.0463646643749891
1984 0.0466524332729921
1985 0.0471095097635443
1986 0.0474103353321964
1987 0.047840917187249
1988 0.0481311728420416
1989 0.0485904730403082
1990 0.0489298792008857
1991 0.0493551191033526
1992 0.0496845297410699
1993 0.0501352103972326
1994 0.0504731257021085
1995 0.050937080334846
1996 0.0512490266572794
1997 0.0517388760113495
1998 0.0520488291285469
1999 0.0525631222734671
2000 0.0528963033404673
2001 0.0532264874927002
2002 0.0537243020565349
2003 0.0542663695093949
2004 0.0545772345370909
2005 0.0551006281988377
2006 0.0554565242156834
2007 0.0559469492682696
2008 0.0562830830522267
2009 0.0567903132388372
2010 0.0570983821145222
2011 0.0575976817629253
2012 0.0579297588003585
2013 0.0584590240939569
2014 0.0587806007017557
2015 0.0592787806764217
2016 0.0595986908925362
2017 0.0600784058512977
2018 0.0603456131214418
2019 0.0607914309326084
2020 0.0610992557783094
2021 0.0615561213135528
2022 0.0620049000847314
2023 0.0622498116925152
2024 0.0627039504996475
2025 0.0629818955984761
2026 0.063400175170935
2027 0.0636062599304629
2028 0.0640152513382109
2029 0.06441622316616
2030 0.0646624321262083
2031 0.064965074966062
2032 0.0652111260878357
2033 0.065574551182997
2034 0.0657782541893805
2035 0.0661489543837978
2036 0.0665382296370162
2037 0.0667133502502103
2038 0.0671192775738648
2039 0.0672882461483965
2040 0.0676506168507824
2041 0.0680028224156149
2042 0.0681527070768802
2043 0.0685032856250934
2044 0.0686637076766069
2045 0.0689846718045088
2046 0.0692906829766222
2047 0.0694474634564964
2048 0.0697570221053005
2049 0.0699140241346212
2050 0.0702074296831908
2051 0.0705063275838635
2052 0.0706554140653662
2053 0.0709450376539124
2054 0.0712824491238615
2055 0.0714293852965178
2056 0.0717912643604632
2057 0.0719807113489765
2058 0.0723655790901954
2059 0.0727321132258437
2060 0.0729785024378897
2061 0.0733430033275251
2062 0.073691084643252
2063 0.0739475348200471
2064 0.0742834006080287
2065 0.0747113640008946
2066 0.0748786130779893
2067 0.0752343484706172
2068 0.0756055966908038
2069 0.0758256321083204
2070 0.0761750123176334
2071 0.0765703873523129
2072 0.0767503967390362
2073 0.0771154733926131
2074 0.0774692790075223
2075 0.0777293259191205
2076 0.0780771689958196
2077 0.07847288592819
2078 0.0787009523143536
2079 0.0790581431524267
2080 0.0793802221814513
2081 0.0795757574739647
2082 0.0799834474269619
2083 0.080318323051802
2084 0.0805026728121871
2085 0.0808344406079402
2086 0.0812005101215555
2087 0.0815302764988128
2088 0.0817490884579373
2089 0.0820852240245566
2090 0.0824155144098172
2091 0.0826331263321697
2092 0.0829055126024729
2093 0.0832974415686708
2094 0.0835903854273365
2095 0.08378439416216
2096 0.0840453010950515
2097 0.0843774516855402
2098 0.0846048523239501
2099 0.0848941900054853
2100 0.0851924686854559
2101 0.0854910637749226
2102 0.0856679138293984
2103 0.0860059625007644
2104 0.0862891726664378
2105 0.0866054658582808
2106 0.0868116005952606
2107 0.0871381974225973
2108 0.0874445018333833
2109 0.087759670197905
2110 0.0879848421206079
2111 0.0882603848841652
2112 0.0885107046950289
2113 0.0888293763225399
2114 0.0889801522730297
2115 0.0892166957792261
2116 0.0895022174264345
2117 0.0897882489484643
2118 0.0899684453510162
2119 0.0902442375551787
2120 0.0905335840415071
2121 0.0909130321206935
2122 0.091191982477858
2123 0.0914083109824552
2124 0.0917194787858519
2125 0.0919977558627211
2126 0.0922345017754547
2127 0.0923769051365024
2128 0.0925634769164686
2129 0.0927881653089473
2130 0.0930122244858532
2131 0.0932999486930218
2132 0.0934569235443921
2133 0.0937475044625359
2134 0.0939461507867127
2135 0.0941658018573457
2136 0.0943961736529711
2137 0.0944905582500291
2138 0.0946400284360384
2139 0.0947782503469293
2140 0.094914885641408
2141 0.0951235507289373
2142 0.0952656006833177
2143 0.0953533724961957
2144 0.0954847635574752
2145 0.0956754502730909
2146 0.0958576443301891
2147 0.0960119561691581
2148 0.0960994709484187
2149 0.0962100284750641
2150 0.0964140570818637
2151 0.0966122937602401
2152 0.0967532153727462
2153 0.096934202390244
2154 0.0970328180797214
2155 0.0971808738725415
2156 0.0974220848601242
2157 0.0975043630773654
2158 0.0976468330048015
2159 0.097806741863682
2160 0.0979694646193326
2161 0.0980240555979124
2162 0.0982054248657205
2163 0.0983480864992457
2164 0.0985211564939202
2165 0.0986394311392748
2166 0.098808312868569
2167 0.0989907260380629
2168 0.0991496869935685
2169 0.0992469570748238
2170 0.0994083695690707
2171 0.0996003438100656
2172 0.0997731113825926
2173 0.0999796398725978
2174 0.100216238527272
2175 0.100366877891787
2176 0.100589215196962
2177 0.100789081728115
2178 0.101011847154389
2179 0.101284413660375
2180 0.101532259648078
2181 0.101614283592675
2182 0.101737135414182
2183 0.101834372534094
2184 0.101932272076936
2185 0.102079307226428
2186 0.102240923276985
2187 0.102403251884493
2188 0.102631076238476
2189 0.102772914444671
2190 0.102910383913478
2191 0.103098013821911
2192 0.103266848639094
2193 0.103424710836188
2194 0.103466950965964
2195 0.103536870298545
2196 0.103675454337899
2197 0.103859923718637
2198 0.103975269306819
2199 0.104021429375422
2200 0.104161628192224
2201 0.104317843240646
2202 0.104448983468505
2203 0.104581548895233
2204 0.104664606053922
2205 0.104799270786453
2206 0.104890523306278
2207 0.10502431884055
2208 0.105217070859571
2209 0.105338779332301
2210 0.10550920048333
2211 0.105693264217077
2212 0.105796569355735
2213 0.10593009373882
2214 0.105986448653387
2215 0.106095519118271
2216 0.10612292599064
2217 0.106195175629428
2218 0.106210547699643
2219 0.106264376718365
2220 0.106368452769147
2221 0.106406458102216
2222 0.106441868804076
2223 0.106380602829197
2224 0.106360536511594
2225 0.1063272893828
2226 0.106201969031034
2227 0.106077082031733
2228 0.105948522494411
2229 0.105754110563396
2230 0.105513933051525
2231 0.105349929962052
2232 0.105091450370055
2233 0.104784460932951
2234 0.104554650270532
2235 0.104209829525222
2236 0.103780419158084
2237 0.103304536631718
2238 0.102880371005544
2239 0.102378154332059
2240 0.101826913836407
2241 0.101273488671595
2242 0.100706568486097
2243 0.100078256405424
2244 0.0994586332722449
2245 0.0988459971780715
2246 0.0981995114323177
2247 0.0976034817818981
2248 0.0969950924297386
2249 0.0963664167247113
2250 0.0957893666472293
2251 0.0952189491284147
2252 0.094649832977236
2253 0.0939274577775811
2254 0.0933544907934531
2255 0.0926931916013588
2256 0.0921232499001785
2257 0.0915460370797881
2258 0.0910263547163587
2259 0.0904426231095
2260 0.0898982253127903
2261 0.0893168298620788
2262 0.0888707400089986
2263 0.0883559908562729
2264 0.0878399884663315
2265 0.0873516166794106
2266 0.0869007256038184
2267 0.0864387272766125
2268 0.085964118048727
2269 0.0854966823116507
2270 0.0850497382979944
2271 0.084685138041289
2272 0.0843354679707626
2273 0.0839602311123673
2274 0.083503329405478
2275 0.0831929301647758
2276 0.0827961447153115
2277 0.0824851459046154
2278 0.0821794345597554
2279 0.0818634777197484
2280 0.0816079304193138
2281 0.0812505996237819
2282 0.0808458761932669
2283 0.0805342861960074
2284 0.0801210719244661
2285 0.0797321347565553
2286 0.0793401297755638
2287 0.0788471948930184
2288 0.0784343359426274
2289 0.0780014128801488
2290 0.0775427745055487
2291 0.0772509920855979
2292 0.076857873756272
2293 0.0765724173631409
2294 0.0762243955793896
2295 0.0759362958804828
2296 0.0755796169217717
2297 0.0752637480077394
2298 0.0748041078147302
2299 0.0745346096345573
2300 0.0742003290738221
2301 0.0738972213217332
2302 0.0735335684477674
2303 0.073291595863794
2304 0.0730064975073141
2305 0.0728150336542287
2306 0.0723776480344924
2307 0.0721989692406494
2308 0.0720271832007543
2309 0.0718340228860821
2310 0.0716527096305195
2311 0.0715511100162352
2312 0.0713832979842852
2313 0.0713006364205039
2314 0.070984737895337
2315 0.0709578409361376
2316 0.0708073391833742
2317 0.0707037851596712
2318 0.0705863078239122
2319 0.0705247396971438
2320 0.0703654399015044
2321 0.0702443676959093
2322 0.0699313906964242
2323 0.0698327466779883
2324 0.0696558056168668
2325 0.0694671482754504
2326 0.0693166588610145
2327 0.0691866187556124
2328 0.0687718885371378
2329 0.0686148332754111
2330 0.0683929211291274
2331 0.0681527228880032
2332 0.0678893851908902
2333 0.0676183629786161
2334 0.0673435816827949
2335 0.0669224806448451
2336 0.0666792004771894
2337 0.0664357747668954
2338 0.0661737096470095
2339 0.0659377154174926
2340 0.065475543014229
2341 0.0652941985267564
2342 0.0650256030433664
2343 0.0648244966402282
2344 0.0646042672660257
2345 0.0644144071354325
2346 0.0640850307901927
2347 0.0639403930300907
2348 0.0637788928372331
2349 0.0636684501929851
2350 0.0635095493758066
2351 0.0631928777351577
2352 0.0631249808825008
2353 0.0630082998168149
2354 0.0628071190074693
2355 0.0626850897651973
2356 0.0625972959827505
2357 0.0622802862173082
2358 0.0621928224032739
2359 0.0621348425933419
2360 0.0619714633900709
2361 0.061843764711674
2362 0.0614793504847729
2363 0.0613905652815665
2364 0.0612774996358639
2365 0.0611653502305895
2366 0.0608216838025337
2367 0.0606629004198175
2368 0.0604648659485738
2369 0.0602605245192779
2370 0.0601154356961506
2371 0.0597534397740563
2372 0.0595861521437144
2373 0.0593975034949503
2374 0.0592801748516246
2375 0.0588787584962474
2376 0.0588303891971972
2377 0.0586447595395022
2378 0.0584462868688245
2379 0.0583633972783421
2380 0.0580099293088268
2381 0.0578503301744775
2382 0.0576412050956289
2383 0.0575093193827467
2384 0.0571641867337535
2385 0.0569785143615963
2386 0.0568035018366615
2387 0.0566395485402434
2388 0.0562607842526913
2389 0.0560453013189729
2390 0.0558371557303797
2391 0.0556536826375615
2392 0.0552835627374152
2393 0.0550857447280464
2394 0.0548957392048531
2395 0.0547322195957748
2396 0.0543869873699727
2397 0.0542170735106148
2398 0.05402036780953
2399 0.053859526014229
2400 0.0534827785328514
2401 0.0532952973108437
2402 0.0530535000957736
2403 0.0528829339855202
2404 0.0524378706208625
2405 0.0522343794397954
2406 0.0520209394575961
2407 0.051651862892087
2408 0.0514315666336339
2409 0.0512340308192641
2410 0.0510524320855653
2411 0.0507350727794003
2412 0.0504968771049359
2413 0.0502774751570135
2414 0.0499061208382842
2415 0.0497146499959657
2416 0.0494865238913214
2417 0.0492661410567878
2418 0.0489063074588522
2419 0.0486930790691818
2420 0.048462804437665
2421 0.0480766943021365
2422 0.0478386413226326
2423 0.0476097555782456
2424 0.0473951383431585
2425 0.0469810474300949
2426 0.046764542541194
2427 0.0465238833551094
2428 0.0461373217603011
2429 0.0459037406635118
2430 0.0456313200677147
2431 0.045265045824696
2432 0.0450240186669847
2433 0.0447792162315529
2434 0.0445658454304919
2435 0.0441629859196371
2436 0.0439437536756302
2437 0.0437080624638536
2438 0.0433577883566144
2439 0.0431250619935915
2440 0.0429176529585584
2441 0.0425433077449852
2442 0.0423508353247975
2443 0.0421243456230146
2444 0.0417326971321444
2445 0.0414786655511978
2446 0.0412620604258682
2447 0.040910398057796
2448 0.0406814850789032
2449 0.0404675973689453
2450 0.0401298491361162
2451 0.0399071075423422
2452 0.0397103037895374
2453 0.0393419565453607
2454 0.0391446132426725
2455 0.0389598506736921
2456 0.0386184092963786
2457 0.0384455090914932
2458 0.0382566455686336
2459 0.0379445132096055
2460 0.037771352902676
2461 0.0375829682581729
2462 0.0372884557763205
2463 0.0371491014540247
2464 0.0369984381317817
2465 0.0367414039548135
2466 0.0365743402877989
2467 0.0363140638350015
2468 0.0361483725553737
2469 0.0360371954577528
2470 0.0357875973326894
2471 0.0356813354953147
2472 0.0355652253340674
2473 0.0353124324491451
2474 0.0351906285979441
2475 0.0350933796659012
2476 0.0348940136844266
2477 0.0347936920840123
2478 0.0346097139920831
2479 0.034485559984717
2480 0.0343727060391328
2481 0.0342133571683668
2482 0.0341309610240668
2483 0.0340792304985908
2484 0.0339108879057918
2485 0.0337758426769783
2486 0.0335124318382448
2487 0.0334822418249395
2488 0.0333925725909717
2489 0.0331680941807908
2490 0.0331239091826782
2491 0.0330371720857951
2492 0.0329254193084877
2493 0.0328662742211797
2494 0.0327853658020628
2495 0.0327524716426464
2496 0.0327266190385364
2497 0.0326089404181134
2498 0.0325925573734725
2499 0.0324554805601431
2500 0.0324703030066821
