400 0.012815692885369582
401 0.012823176357063343
402 0.012826915486698603
403 0.01283790416064872
404 0.012859123915424764
405 0.012881100646275144
406 0.012906624914274046
407 0.012935764414076024
408 0.012972224794183407
409 0.013005151474281152
410 0.013030759722290746
411 0.013052791246877294
412 0.013085643196280953
413 0.013122247962766995
414 0.013166181167085615
415 0.013202861175643229
416 0.013243561489881735
417 0.013280633106620027
418 0.013317786519898005
419 0.013357960799423786
420 0.013398755550268756
421 0.013431492982036872
422 0.013471039065268647
423 0.013510582446473022
424 0.013553985903219077
425 0.013601672246978115
426 0.013638984305386674
427 0.013657811434797815
428 0.013679830999177061
429 0.013709798453828557
430 0.013732407705707505
431 0.013751640513714431
432 0.013778366948039012
433 0.013801398453801706
434 0.013820827241633745
435 0.013836527346071268
436 0.013852232070064516
437 0.01386367646952716
438 0.013872049720752316
439 0.013880421762588194
440 0.013892569357065567
441 0.013906710922871966
442 0.013913501813097718
443 0.013920263090593719
444 0.013919699325976012
445 0.013922299640676844
446 0.013915148833964311
447 0.01390739430222707
448 0.013900362212202083
449 0.013889846170739833
450 0.013875221940507491
451 0.013861722951928078
452 0.013844882638609498
453 0.013827587919223085
454 0.013807362365311278
455 0.013787234812178594
456 0.013764031416164746
457 0.0137454042930033
458 0.013726279612949798
459 0.013704314492313923
460 0.013685414808363949
461 0.013663568509514694
462 0.013641076029619828
463 0.013619376882145989
464 0.013597398686552612
465 0.013576300051604612
466 0.013562638589978606
467 0.013545034430149814
468 0.013530288008837236
469 0.013523379291666115
470 0.01351266031257669
471 0.013505059980574692
472 0.013493295645812036
473 0.013485253896763439
474 0.013476911313361815
475 0.013469121974121657
476 0.013463291919939559
477 0.013454467287583524
478 0.01344569675408679
479 0.013436608521232045
480 0.013424723522934966
481 0.013415641268379267
482 0.013399749752521926
483 0.0133846522618265
484 0.013364767242286298
485 0.013346623310876925
486 0.013319807515058072
487 0.013293036731867004
488 0.013265883725420344
489 0.01323318276834133
490 0.013202055382429054
491 0.01317303988417506
492 0.013144322099237176
493 0.013118712332501023
494 0.013098782818523851
495 0.013083978809936534
496 0.013078869381735655
497 0.013087990640071396
498 0.013112994897022846
499 0.01315548483712464
500 0.013219026779850228
501 0.01330846496987851
502 0.013426187304336992
503 0.01357829757284301
504 0.013761260879046607
505 0.013988595834568731
506 0.014259289625154506
507 0.014581930293243516
508 0.01495522419223071
509 0.015386297717963848
510 0.01587889166403064
511 0.01643904140329723
512 0.017063934972858588
513 0.01776796938098916
514 0.01854235331215344
515 0.019395730892490328
516 0.020309188505401386
517 0.02129567389396329
518 0.02233089606630328
519 0.023427125111522378
520 0.024563071504298387
521 0.02574048956092409
522 0.026946375990690812
523 0.02817029878508025
524 0.029377473939158166
525 0.030566894085954574
526 0.031717188235919236
527 0.03281039694181303
528 0.033867598692500826
529 0.03485410182210624
530 0.03577529048420629
531 0.036617990401568226
532 0.03741987135383424
533 0.038121473067373776
534 0.03876499941852654
535 0.03934436826180189
536 0.03985516066221313
537 0.04031994476687195
538 0.040734750539021904
539 0.04109708131243002
540 0.04143449663461777
541 0.04174396752597517
542 0.04202508455052546
543 0.04231067322426969
544 0.04256745942427417
545 0.04285904594223101
546 0.04312480563571443
547 0.04339346763041683
548 0.04366488301956904
549 0.043940003123443386
550 0.044149577275930135
551 0.0443574342816481
552 0.044499378779023206
553 0.044572293984216145
554 0.04461211169720809
555 0.04454786466468282
556 0.04445049491939336
557 0.04425124852071101
558 0.043985248201622563
559 0.04362313353427194
560 0.04323208418553662
561 0.042782344009218445
562 0.042276382050155416
563 0.041718589894296346
564 0.04111277191101099
565 0.04046386202751174
566 0.03977391422524497
567 0.03904930788896122
568 0.03829343887657907
569 0.037510619876577965
570 0.0367298120918156
571 0.03592794006940793
572 0.035156394260045146
573 0.0344130198816091
574 0.03369637279427447
575 0.0330267357577782
576 0.03238145873511361
577 0.03179641858505398
578 0.031248328063454466
579 0.030735998392621124
580 0.030256023448763582
581 0.029807995547683885
582 0.029389815999605006
583 0.028998484138684277
584 0.028632466644511075
585 0.02830582971916946
586 0.02798382509981774
587 0.027684876719928392
588 0.027419425328085233
589 0.02717445521698377
590 0.026947750340518113
591 0.02675237488871287
592 0.026559657983486
593 0.026396552807327903
594 0.02624880368387425
595 0.026129157921046246
596 0.025997363223032303
597 0.02587978341250778
598 0.025764030542048306
599 0.025635648768857315
600 0.025510209851343026
601 0.02535999983547106
602 0.025199193787309414
603 0.025018463982874693
604 0.024801671484496454
605 0.02457941085260381
606 0.024325783341910344
607 0.024042946506859845
608 0.023745469731050295
609 0.023436139636488447
610 0.023124806431265226
611 0.022811980596472096
612 0.022498374672904595
613 0.022177017039375857
614 0.02186586362970286
615 0.021561625788238236
616 0.021278748365088317
617 0.021012086307312477
618 0.020761350835791968
619 0.02054154371108755
620 0.020350676121479082
621 0.020179406900568485
622 0.020040162619946723
623 0.019917371456111145
624 0.01981104480200694
625 0.01973282284459172
626 0.019666792124020935
627 0.01962044211500346
628 0.019586267168883814
629 0.019547467343402923
630 0.019515982361131428
631 0.019467954468462955
632 0.01940105551978402
633 0.019314835848629582
634 0.019199743742362413
635 0.01904739252169478
636 0.018869093719755717
637 0.018648357598751223
638 0.018396948713925772
639 0.01812919580648333
640 0.017838013492630117
641 0.017539690942694367
642 0.017233965321100077
643 0.016932325280547385
644 0.01664004430001255
645 0.01636267113984287
646 0.016104083510517203
647 0.015872586309840852
648 0.0156651176485776
649 0.01548425736855943
650 0.015328004895401863
651 0.01519997969516855
652 0.015084628838452813
653 0.01497738547622628
654 0.014871087284392995
655 0.014760542348205688
656 0.014644340806030536
657 0.014519697923941494
658 0.014390634565255541
659 0.014256358947199368
660 0.014131182753769978
661 0.01400759160823685
662 0.013901167237323946
663 0.01381435694275878
664 0.013746002651394832
665 0.01370185917667711
666 0.013679136345237911
667 0.013677981591527702
668 0.013699893667383377
669 0.013734315280336737
670 0.013784503286148225
671 0.013842144889058687
672 0.013910090246490345
673 0.013991645642630252
674 0.014080624063296384
675 0.014177045254260775
676 0.014286741991220066
677 0.01440134840893589
678 0.014523633867558096
679 0.014649800048653867
680 0.014776713898730469
681 0.014906602287855375
682 0.01503523285345147
683 0.01517575811765514
684 0.015342778914742027
685 0.015554077040221164
686 0.015838898757099235
687 0.01624804301864397
688 0.016829751743776322
689 0.01762886322603702
690 0.01870880447054361
691 0.02011094172666526
692 0.021871872652820642
693 0.024021117403229687
694 0.02657574504701985
695 0.0295473829418799
696 0.032913555739999545
697 0.03668371444171064
698 0.040817968944969224
699 0.04527890372666174
700 0.05005853901916584
701 0.055118906211098204
702 0.06034773962627338
703 0.06576885696179718
704 0.07132308820937398
705 0.07697490627768798
706 0.08272883518378275
707 0.08858194991405482
708 0.09454429060896871
709 0.10058262808077816
710 0.10675184548374961
711 0.1130034569769286
712 0.11937814744205612
713 0.1258776977519984
714 0.13251027406595856
715 0.1392467695729658
716 0.14612965386168122
717 0.1530980945575075
718 0.16014649840236939
719 0.16731917491236825
720 0.17453471355707645
721 0.1818252918140302
722 0.18916562336732473
723 0.19650964220128125
724 0.20383458665802998
725 0.21118412051618918
726 0.2184137372299722
727 0.22561695540602564
728 0.23267076217724428
729 0.23964071203524343
730 0.2464775834566124
731 0.25309556722184695
732 0.25963012569839494
733 0.2659473000265128
734 0.27200945849817726
735 0.2778280074805172
736 0.2833962212119486
737 0.28874568468734996
738 0.2938412726176626
739 0.2987014243073619
740 0.3032837089034739
741 0.3075821702286621
742 0.31163938808966873
743 0.31541997927245025
744 0.31896299056412736
745 0.3222681267927636
746 0.3253399912010665
747 0.3281402759440117
748 0.3307248980375826
749 0.33309121678762166
750 0.33522527450342854
751 0.3371128779128286
752 0.3388313174022336
753 0.3404288098040625
754 0.3418788754675744
755 0.3432298634786774
756 0.3444823491358134
757 0.3456079307434047
758 0.34665295724975587
759 0.34758923508636985
760 0.34835550184386693
761 0.34910214044491183
762 0.34983958042274965
763 0.3505602188022453
764 0.35127823745261727
765 0.35197770130800254
766 0.3526514712160203
767 0.35330480680979803
768 0.353962840263751
769 0.3545987271181936
770 0.35521431168400364
771 0.35582485956984217
772 0.35643088912133397
773 0.357015844318959
774 0.35759311289686035
775 0.35814219695725863
776 0.3587450269672572
777 0.3593336895131311
778 0.3598991977872085
779 0.3604553305610201
780 0.36099000677911536
781 0.36147465416792657
782 0.36194241111595915
783 0.36239744763965226
784 0.36282751527479
785 0.3632430726156945
786 0.3636413123964324
787 0.3640100450967066
788 0.36436377450817253
789 0.36468459216910665
790 0.36499418574552317
791 0.36529110146867483
792 0.3655810457519099
793 0.36583565403804713
794 0.3660738153215747
795 0.36628236297582956
796 0.3664446625487787
797 0.3665754770968551
798 0.36668982846071607
799 0.3667742929534487
800 0.3668427410344119
801 0.366934091120947
802 0.3670182707340137
803 0.36711494620563345
804 0.3672057233166197
805 0.36729729168346
806 0.3673677267254915
807 0.3674417204326953
808 0.36752016869229737
809 0.36757991382165534
810 0.3676515971028935
811 0.3677031816436257
812 0.3677656155185043
813 0.36781241568642864
814 0.3678745912627854
815 0.3679290244368165
816 0.3680025190869519
817 0.3680695328661887
818 0.3681387732219358
819 0.3682134160638697
820 0.36828675967471897
821 0.3683630584327883
822 0.3684329924912018
823 0.36852148404073876
824 0.3686052035330042
825 0.36867172245064045
826 0.36867901492331717
827 0.3687277366910406
828 0.3687612652386236
829 0.36875647311955534
830 0.36878806637047534
831 0.3687886319108662
832 0.368763383090383
833 0.36872918149057426
834 0.36874064886222213
835 0.36875856146296004
836 0.36875492275026556
837 0.36877244799757025
838 0.36879426686240535
839 0.36880617586459946
840 0.36883102243207916
841 0.36889111501739996
842 0.3689660920080284
843 0.36902031576148986
844 0.36909980161904826
845 0.3691629436564507
846 0.3692441456634079
847 0.36933065538818854
848 0.36941013340970297
849 0.36947942301062103
850 0.3695707864587169
851 0.36959443997289065
852 0.3696161893744345
853 0.36964318386664685
854 0.36968116785923577
855 0.36970404418575825
856 0.3697165559535562
857 0.36973809873999003
858 0.36977530839719036
859 0.3697778198205458
860 0.3698106124397372
861 0.36985342076051125
862 0.36987749293241756
863 0.3699162974402287
864 0.36994603042937024
865 0.36996540548938683
866 0.37005175634395077
867 0.370154119020569
868 0.37025507716477946
869 0.37036675756089166
870 0.37046478040736297
871 0.3704848802542836
872 0.37053006424427454
873 0.37057901007693617
874 0.3706052158413289
875 0.37064653448077745
876 0.37067615019922956
877 0.37071350908757733
878 0.3707464938408036
879 0.3707895448286948
880 0.3708082242317878
881 0.3708479392680912
882 0.3708921220116714
883 0.37092150319711364
884 0.37095430952061387
885 0.37100734049723183
886 0.3710473636369876
887 0.371082653124569
888 0.3711068904794173
889 0.37114838948895756
890 0.37118363729867015
891 0.37121369185928527
892 0.37124159563964093
893 0.3712974116136284
894 0.37133826493956573
895 0.3713821350392278
896 0.3713894075427058
897 0.3714322805232956
898 0.3714589521538827
899 0.37148260728211613
900 0.37150769124722094
901 0.3715367144114941
902 0.37155148551240913
903 0.3715712585095868
904 0.3716135047210636
905 0.37165227152960395
906 0.3716579788477993
907 0.3716563988415176
908 0.37165539137754205
909 0.37168732302138574
910 0.37170194562806175
911 0.37172786731518415
912 0.37170958758859507
913 0.37172508278101973
914 0.3717451390851224
915 0.37177769720326354
916 0.3717916117437546
917 0.37175579999639263
918 0.37175168108913786
919 0.3717771699909374
920 0.37181916871858095
921 0.3717804567051704
922 0.37168025566455193
923 0.3716316438072558
924 0.37161767589734146
925 0.37157616020376955
926 0.37153049083030376
927 0.3714924192055627
928 0.37136213420829806
929 0.3711124159474829
930 0.3709625670523701
931 0.37087714677486383
932 0.37076448924337946
933 0.3706480106035499
934 0.370566323719889
935 0.3704182943920769
936 0.370103009959725
937 0.36983472945000845
938 0.36967522577841977
939 0.3695581383477908
940 0.3692667929986758
941 0.3687756757568148
942 0.3685143713123251
943 0.3683594202657906
944 0.36811505120357835
945 0.3677891326653856
946 0.3674459473435119
947 0.36716308356944644
948 0.3669118579256269
949 0.3663374015008589
950 0.3653330213988855
951 0.3647135385451234
952 0.36431125365389627
953 0.36374562761724377
954 0.3630979758237578
955 0.36252366467198066
956 0.36201147973834163
957 0.36152732979497537
958 0.3611355094712653
959 0.3608211503184813
960 0.3604308338194457
961 0.35992487528553374
962 0.3597108719759714
963 0.35968741139210336
964 0.3596259905679367
965 0.35953481365169726
966 0.3594543520513995
967 0.35941564592671926
968 0.3594039081053576
969 0.3593942589443575
970 0.3593771710407795
971 0.3593734938839419
972 0.3593891347935762
973 0.359393644563211
974 0.3593795933788807
975 0.3594139839824224
976 0.3594563037143184
977 0.3595074477268197
978 0.35958173987940123
979 0.35968071845896094
980 0.35979520357167893
981 0.3598970916774864
982 0.36001246228624906
983 0.36012482045653293
984 0.3602618939234681
985 0.3603885407425711
986 0.3605703152004348
987 0.3607463830304013
988 0.36093526387476904
989 0.36111243769714096
990 0.3613228008778746
991 0.3616301682511974
992 0.3619304760019353
993 0.3621979901599887
994 0.36245650305269944
995 0.36276316592281177
996 0.3630083163707381
997 0.36324992859565064
998 0.36348040804950643
999 0.36370291894198714
1000 0.36393326177817836
1001 0.3641858079589194
1002 0.3644438593807443
1003 0.36465303969739077
1004 0.3648767488242757
1005 0.3651107175078645
1006 0.3653521319770442
1007 0.3656134656518263
1008 0.3658655883062088
1009 0.3661275858380654
1010 0.36639375882949893
1011 0.36666833034603763
1012 0.366931312446075
1013 0.3671806252672462
1014 0.36741717657016904
1015 0.36765371641480815
1016 0.3678908123805947
1017 0.3681191858812391
1018 0.3683764191132277
1019 0.368660967013353
1020 0.3689484967992482
1021 0.36922613508228613
1022 0.36948308783762507
1023 0.36973630312295536
1024 0.3699898203387851
1025 0.3702294322325246
1026 0.3705213775557217
1027 0.3708201138091989
1028 0.3711562035788776
1029 0.37148496332042585
1030 0.3717865735298757
1031 0.37198678144347225
1032 0.37215396357713304
1033 0.37235603414448376
1034 0.3726123631926591
1035 0.37287945650974336
1036 0.3730663215448955
1037 0.37323182823161216
1038 0.3734188735979159
1039 0.3736020841304013
1040 0.3737559969919606
1041 0.3739192816851214
1042 0.3740868778583051
1043 0.374236830381926
1044 0.3743603369135813
1045 0.3744601322364481
1046 0.3745722669362409
1047 0.37474180588126826
1048 0.3748979142021153
1049 0.3750198395942048
1050 0.3751294488458667
1051 0.375247140406587
1052 0.3753957113549529
1053 0.37553880428927683
1054 0.37567179622864866
1055 0.3757498346961827
1056 0.3758309608723101
1057 0.3759172792462948
1058 0.37600209771976034
1059 0.3760990451384865
1060 0.3762162074892383
1061 0.3763734200023629
1062 0.3765060777783551
1063 0.3766109492738839
1064 0.37671183689098214
1065 0.3768091560527222
1066 0.3768587284274953
1067 0.3769277103568749
1068 0.37698094057073134
1069 0.3770256611334003
1070 0.3770740167949328
1071 0.37711470786910695
1072 0.3771691184671233
1073 0.3772194941521004
1074 0.3772613597791876
1075 0.3772737378819432
1076 0.37725983994543466
1077 0.3772600899876132
1078 0.3772923329617992
1079 0.3773249940984896
1080 0.37734551604509076
1081 0.37732960921608993
1082 0.37729911260921756
1083 0.37724278778113013
1084 0.377186874242545
1085 0.37716296275614847
1086 0.3771665000213848
1087 0.3771737500963913
1088 0.3771530877898929
1089 0.3771103341792077
1090 0.3770611663273207
1091 0.37701801094257015
1092 0.37700153242041495
1093 0.3770028201560422
1094 0.37697456672431495
1095 0.3769315500828221
1096 0.3767959190386095
1097 0.3766495158645439
1098 0.37650594753930366
1099 0.37643666292722255
1100 0.37639955040516365
1101 0.37631505851481206
1102 0.37618011113524374
1103 0.37604529607295717
1104 0.37595865834514386
1105 0.3758960972490807
1106 0.37584798539463476
1107 0.37572635011493966
1108 0.3756202239073797
1109 0.37553893841623065
1110 0.3754873240760116
1111 0.37540773921800125
1112 0.37525878655801137
1113 0.37514183001898205
1114 0.37516199611855566
1115 0.37522434997483156
1116 0.3752093685127408
1117 0.3750885921460164
1118 0.3749129912371026
1119 0.3748044981722527
1120 0.37468480867643084
1121 0.37451368569667626
1122 0.37426371370108946
1123 0.3740164945303248
1124 0.3738700626508116
1125 0.3737157401630853
1126 0.37341955915031916
1127 0.37291816715516085
1128 0.37239252949432733
1129 0.37200128865985294
1130 0.37160151972502975
1131 0.371044523290787
1132 0.37018047319422476
1133 0.36919725307569884
1134 0.36829823794802635
1135 0.36750073812826756
1136 0.36674867117011445
1137 0.3659628803747621
1138 0.3649922739447352
1139 0.36365437056596406
1140 0.36192949212874986
1141 0.3602748306814823
1142 0.35906228180354816
1143 0.358027679355171
1144 0.3567217686383928
1145 0.3549017122564437
1146 0.3530876455353486
1147 0.3517926025515826
1148 0.35090304712565573
1149 0.350128533080493
1150 0.34921665024457677
1151 0.3481822308177437
1152 0.3470995737691016
1153 0.34604816939270616
1154 0.34517998841469333
1155 0.34459093246782857
1156 0.34421141597870053
1157 0.34392956223273735
1158 0.34361648641626763
1159 0.3433026465407795
1160 0.34299083413804116
1161 0.34267841720582015
1162 0.3424255033597052
1163 0.34233552864314304
1164 0.34230295692208995
1165 0.34233102615484146
1166 0.34226046527731857
1167 0.34218018300192243
1168 0.3421409697101481
1169 0.3421164760910541
1170 0.34211003979956245
1171 0.3419580446050791
1172 0.3416838767618489
1173 0.3414346579900904
1174 0.3414122558693129
1175 0.34152022969171697
1176 0.34167578452313374
1177 0.34169264323565607
1178 0.3416360075591627
1179 0.34159588909123906
1180 0.3415574193960337
1181 0.341553210371691
1182 0.3415180939260908
1183 0.34144720704303355
1184 0.3413599075529714
1185 0.3412611118635604
1186 0.3412092060523931
1187 0.34114735447463107
1188 0.3411135664143137
1189 0.3410489954659327
1190 0.3410450573351671
1191 0.3409774984594436
1192 0.3409606219792873
1193 0.3409031266091399
1194 0.3408763790182771
1195 0.3408073293072578
1196 0.3407672532341824
1197 0.34075782258381637
1198 0.3407824993689094
1199 0.3409467167868359
1200 0.34120014414526345
1201 0.34143791687790526
1202 0.34143581551169744
1203 0.34134065803556224
1204 0.3412962410626286
1205 0.34136341465648623
1206 0.34156107382887324
1207 0.3417324172909711
1208 0.3418003048305051
1209 0.3417948966036474
1210 0.34183200670340896
1211 0.34192190216894836
1212 0.34201353365903286
1213 0.34210519981266097
1214 0.3420258156984404
1215 0.34194052830353827
1216 0.34197538197033905
1217 0.34211782834549875
1218 0.3423155055429941
1219 0.3424807680811621
1220 0.34246046970541427
1221 0.34240166281350753
1222 0.34234889527459716
1223 0.3423353538139324
1224 0.34238692241043805
1225 0.3424301911157956
1226 0.3423616159842378
1227 0.3422647807612218
1228 0.34216800928370555
1229 0.34215460658109
1230 0.3421837477194155
1231 0.3422020987789259
1232 0.34214718157578927
1233 0.34210060349363414
1234 0.34208650081098424
1235 0.3420724054267434
1236 0.34208498587629554
1237 0.34203271877186475
1238 0.34193407319117464
1239 0.341776549449999
1240 0.34168213675302256
1241 0.341607963757421
1242 0.3415801065628464
1243 0.34160500743716193
1244 0.34152472005419854
1245 0.34152741710741524
1246 0.3414250139984173
1247 0.34139728816315845
1248 0.34131342333525067
1249 0.341233353373411
1250 0.34117172636877324
1251 0.3411478223505688
1252 0.34105956564029993
1253 0.34103204557907374
1254 0.34088972895229075
1255 0.3407173326845083
1256 0.34052778536400063
1257 0.3403724133893612
1258 0.34024734125585254
1259 0.34010398282710436
1260 0.3400749946148946
1261 0.34005129674344003
1262 0.34000584271604134
1263 0.33987485987243515
1264 0.33974403880752513
1265 0.3395815429357812
1266 0.3394428460339666
1267 0.3392921397345783
1268 0.33913335348687285
1269 0.3390044287912893
1270 0.3387825288921603
1271 0.3385743351444255
1272 0.33833492477518706
1273 0.33804110780143937
1274 0.33773979683140404
1275 0.3374705712761098
1276 0.33725645856158515
1277 0.33706156284560906
1278 0.3368900501727417
1279 0.3366665570551837
1280 0.3363810481400307
1281 0.3360743730475992
1282 0.33577293834683575
1283 0.3354161061026309
1284 0.33512207685916395
1285 0.3348022154722253
1286 0.33455131426426077
1287 0.3343396481625972
1288 0.3341202789609835
1289 0.33381899084496064
1290 0.3335366840122788
1291 0.333177780022261
1292 0.3328381450808868
1293 0.33249928693343733
1294 0.33210052316757055
1295 0.3317133641034769
1296 0.3312854237746669
1297 0.33085621127353537
1298 0.3304583316901562
1299 0.3301214761226918
1300 0.3300632064708138
1301 0.32924871512519865
1302 0.32905109579379677
1303 0.32878318345189456
1304 0.32837062025724684
1305 0.328093415606651
1306 0.3272683013136518
1307 0.3268572989762922
1308 0.3262349932978777
1309 0.3256411007832117
1310 0.32513628485563684
1311 0.324632935057493
1312 0.32394006234418127
1313 0.3230424766961955
1314 0.3223388221926744
1315 0.3214789773889308
1316 0.32076510404298403
1317 0.3199594737751781
1318 0.3190183740929128
1319 0.3181107082088709
1320 0.31677839236412686
1321 0.3159111902489396
1322 0.31483128023360357
1323 0.3137748254743522
1324 0.3129132437382326
1325 0.31249990189433485
1326 0.31153148784883633
1327 0.31001747862873913
1328 0.30853349596741503
1329 0.30715261104965813
1330 0.3063784917549943
1331 0.30557834540693257
1332 0.3045828382059556
1333 0.30337766322557236
1334 0.30164112516577146
1335 0.29995206492711535
1336 0.29852633303462306
1337 0.2970062984954143
1338 0.2956628209385813
1339 0.2946243575952894
1340 0.29384174594224044
1341 0.2927497885956115
1342 0.29133294655172964
1343 0.29023589324000826
1344 0.28870077061720745
1345 0.286866343174221
1346 0.2849501479602758
1347 0.28324797732862256
1348 0.2816517482116069
1349 0.28051920712690837
1350 0.2789270650954665
1351 0.2777700311808573
1352 0.2762893073757008
1353 0.2749996782447782
1354 0.2736400225755932
1355 0.27251229170502966
1356 0.27107583722113865
1357 0.2699644543574671
1358 0.2687112145667821
1359 0.2684524424407171
1360 0.2684379818744243
1361 0.26787594128356274
1362 0.26666230637392496
1363 0.2652044407649812
1364 0.2641235634339255
1365 0.26297209171428737
1366 0.2613250509025738
1367 0.2603359625482956
1368 0.25864516981095154
1369 0.25670903373772846
1370 0.2545441394576632
1371 0.25174810438096973
1372 0.2487366323679299
1373 0.24617737896982939
1374 0.24300744293141424
1375 0.2393806404990194
1376 0.2364071313532785
1377 0.23296909510523328
1378 0.22970904527624722
1379 0.22627570548206014
1380 0.22380039867218987
1381 0.21965138344304883
1382 0.21530199909587852
1383 0.2102897601074282
1384 0.20607024723609654
1385 0.2004763929415853
1386 0.19497489121048087
1387 0.18966223487841125
1388 0.183962435103525
1389 0.17959839258538524
1390 0.1740478217210427
1391 0.16911617809619195
1392 0.16414475050797359
1393 0.1595114177319715
1394 0.15439540569096583
1395 0.15072212095095686
1396 0.1464769196811723
1397 0.14186940254567892
1398 0.13784091206762078
1399 0.13395801590731113
1400 0.13031441712640499
1401 0.12685339100105456
1402 0.12326309835358738
1403 0.12020963037304007
1404 0.11744955370757336
1405 0.11514594237189679
1406 0.11252902719799181
1407 0.11013546791387405
1408 0.10788622885772131
1409 0.10558663005710811
1410 0.10350959003784094
1411 0.10170938561773277
1412 0.09996240404327016
1413 0.0984139248760829
1414 0.09692765183957415
1415 0.09548568660977043
1416 0.09417617517422512
1417 0.09297079699536583
1418 0.09176633754954609
1419 0.09073612491681964
1420 0.08976056123111686
1421 0.08880029211622342
1422 0.08788621385476812
1423 0.08703422567702171
1424 0.08625277456384987
1425 0.08535565603818773
1426 0.08466528269691091
1427 0.08404024489460445
1428 0.08348599929733098
1429 0.08294862627099604
1430 0.08240376576955197
1431 0.0819548345258824
1432 0.08146039175204224
1433 0.08113256213375568
1434 0.08070983337315951
1435 0.08035627680531651
1436 0.08004787344597146
1437 0.07974113212517683
1438 0.07945832258542285
1439 0.07923028390646017
1440 0.07901734979336493
1441 0.07881063179116204
1442 0.07866321936470402
1443 0.07858199421935755
1444 0.07850277430851775
1445 0.07846494096312445
1446 0.07839839457605849
1447 0.0783429852633839
1448 0.07833235083552993
1449 0.0783367828780696
1450 0.0783539281834844
1451 0.07838622739711937
1452 0.07840986074112308
1453 0.07845122875301132
1454 0.078530528446751
1455 0.07862831112782477
1456 0.07876174586582518
1457 0.07890572604336178
1458 0.07912695993976424
1459 0.079299963994953
1460 0.07944784978250224
1461 0.07975234395860695
1462 0.0800475980575161
1463 0.08037117317623879
1464 0.0808163491246636
1465 0.08124107728267017
1466 0.08166641444033618
1467 0.08226515856757301
1468 0.08278312371174525
1469 0.08331913745350776
1470 0.08398406709352708
1471 0.08455100302042087
1472 0.08511462157574344
1473 0.08590129756754421
1474 0.0864862285891359
1475 0.08735047505670022
1476 0.08803840471023046
1477 0.08873024691042289
1478 0.08949583541172253
1479 0.09020973381501936
1480 0.09109778584520362
1481 0.09173858657022113
1482 0.09249912718536961
1483 0.09317546686027636
1484 0.09401930890386462
1485 0.09471903022139559
1486 0.0954025275477572
1487 0.09629805533281824
1488 0.09707476758461563
1489 0.09807087443834236
1490 0.09879694476318801
1491 0.0997902106244773
1492 0.10061956269188028
1493 0.1015571382307776
1494 0.1024059870326089
1495 0.10345795548128102
1496 0.10440185515803936
1497 0.10540692871756469
1498 0.10638693711299323
1499 0.10724717341508543
1500 0.10829260347971739
1501 0.10905673760499114
1502 0.11009431550298533
1503 0.11108595365907835
1504 0.11217034466354646
1505 0.11323369853148564
1506 0.11407077696988993
1507 0.11513418892998109
1508 0.11591130994556881
1509 0.11698332531061277
1510 0.11809195898179714
1511 0.11904718075457935
1512 0.1201625473964367
1513 0.1209911909517482
1514 0.12208575236065555
1515 0.12321183870911524
1516 0.12409760729882395
1517 0.12521948089136375
1518 0.1262738803237712
1519 0.12713446223290256
1520 0.12814817194016648
1521 0.12928625774002067
1522 0.1301524971802454
1523 0.13128799603774835
1524 0.13244057564612363
1525 0.1333258827182284
1526 0.13437582206948112
1527 0.1353899227860097
1528 0.13626539702623305
1529 0.13716053054422336
1530 0.1380912827393927
1531 0.13919448688175629
1532 0.13999411301664985
1533 0.14098698497297515
1534 0.14200022617724978
1535 0.14295687557710351
1536 0.14377704230797084
1537 0.14472795499561167
1538 0.14556175307723832
1539 0.14661958400649283
1540 0.14749618429248756
1541 0.1482768094572374
1542 0.1492636864669549
1543 0.15020231878794382
1544 0.15123493310396682
1545 0.1520008790232926
1546 0.15274891297515453
1547 0.15374156154428803
1548 0.15461723446072262
1549 0.15548520646332256
1550 0.15632097153687144
1551 0.15705933252870283
1552 0.1577507495585689
1553 0.15864809775651523
1554 0.15938005017022455
1555 0.1602439901417103
1556 0.16113219994895098
1557 0.16190868015120952
1558 0.16243121511451702
1559 0.16312074857761252
1560 0.16377053076974968
1561 0.16441184899705805
1562 0.16506252786190295
1563 0.16576986096208732
1564 0.16634848446162348
1565 0.16708776475023857
1566 0.1676805835007084
1567 0.16845172297998073
1568 0.16903679769947894
1569 0.16969409579200148
1570 0.17035083302518578
1571 0.17098503199897036
1572 0.1716444968990937
1573 0.17235068539028334
1574 0.1730474684628978
1575 0.17354450321551576
1576 0.17432645586801865
1577 0.17479605945875704
1578 0.1753865692365174
1579 0.17599837837991517
1580 0.1765275804346651
1581 0.17722113140759937
1582 0.17785737035878274
1583 0.1785869570252361
1584 0.17911819864882292
1585 0.1798057006039403
1586 0.18046078650280312
1587 0.18102516098978105
1588 0.18145712721168375
1589 0.18214095725725338
1590 0.18264250586088368
1591 0.1833411823003176
1592 0.18401067623711098
1593 0.18488605271701838
1594 0.18564377468082388
1595 0.1863684501706283
1596 0.18676836208150932
1597 0.1874376127175572
1598 0.18793333746200797
1599 0.1886301943521424
1600 0.1892417541425579
1601 0.1897931592168267
1602 0.19025658939903098
1603 0.19104375647810357
1604 0.19151289904038882
1605 0.19216916748021257
1606 0.19265823281411476
1607 0.1931977748183035
1608 0.19359395469275795
1609 0.19414203219368636
1610 0.19449930158813092
1611 0.1950435275739944
1612 0.19552304854398744
1613 0.196126012936504
1614 0.19657480393987184
1615 0.1970721423038242
1616 0.19744250268642888
1617 0.19782880479970683
1618 0.19815781525615028
1619 0.1987258568036358
1620 0.19899181195764018
1621 0.19943774255775734
1622 0.19991483524657314
1623 0.2003978222015092
1624 0.20092754332857007
1625 0.20132536638599893
1626 0.20153406097292068
1627 0.20201855685405415
1628 0.20221723601366304
1629 0.20263290410688345
1630 0.20291684111985417
1631 0.20323788656443287
1632 0.20332512330806451
1633 0.20377383052048392
1634 0.20417353540372865
1635 0.20465620398725257
1636 0.204745693784244
1637 0.2051668097667415
1638 0.20535035669584498
1639 0.20568632771062692
1640 0.20567169001303404
1641 0.20616238856276298
1642 0.20634846148428715
1643 0.20672470855137154
1644 0.20685397601241767
1645 0.20710339353984447
1646 0.20724735741298053
1647 0.2074676114761776
1648 0.2074323206292548
1649 0.20784041780222837
1650 0.20777896775336543
1651 0.20775543417296155
1652 0.2075836705184821
1653 0.207833840357383
1654 0.2073640896172992
1655 0.20739861977372942
1656 0.2071974144679593
1657 0.20726015706877912
1658 0.20675765021565923
1659 0.2064896546926762
1660 0.20625638624303777
1661 0.20599072558588813
1662 0.20557372671484642
1663 0.20535910258810927
1664 0.20494371504292147
1665 0.20471680385933205
1666 0.20422373163213492
1667 0.20390018499506318
1668 0.20338981536493098
1669 0.20305182666987934
1670 0.20307805107586505
1671 0.20428665252410633
1672 0.20374374854726138
1673 0.20354354765969734
1674 0.20317264520561362
1675 0.20280707816381255
1676 0.20220588296711917
1677 0.20195887744624352
1678 0.20146930386397785
1679 0.20103413736057946
1680 0.20042193933854352
1681 0.20008366124327503
1682 0.19940489584734544
1683 0.1988622258418266
1684 0.19842698623744173
1685 0.19790100089492726
1686 0.1972763721033923
1687 0.19671982265883464
1688 0.1961121675169073
1689 0.19564625213029982
1690 0.19500299579535352
1691 0.1946681551711849
1692 0.19424709510807603
1693 0.19383176213603565
1694 0.19312862099703
1695 0.19264205645700871
1696 0.19214091836138297
1697 0.19164883865171858
1698 0.1910716411786217
1699 0.190457592244406
1700 0.18989391655170781
1701 0.189346840056128
1702 0.18875002550700612
1703 0.18833695590178196
1704 0.18787686257843217
1705 0.18748345263160862
1706 0.18692362074157337
1707 0.1865299404712814
1708 0.18585999713746135
1709 0.18551784530675408
1710 0.18502509341755452
1711 0.1845071457724967
1712 0.18400737625337624
1713 0.18360305658941678
1714 0.1831300028460001
1715 0.1828228019703307
1716 0.18236736308947185
1717 0.1820100384175403
1718 0.1814469809125562
1719 0.18103270168588875
1720 0.1805035854120994
1721 0.18017633850026155
1722 0.17980060996891625
1723 0.17948808117302997
1724 0.17916692215903368
1725 0.1787980922233984
1726 0.17838709198478855
1727 0.17827089791809034
1728 0.17806657476751256
1729 0.1778730758283337
1730 0.1776518893710866
1731 0.17768694250785075
1732 0.1775990089348209
1733 0.17756191561243903
1734 0.17740281914757935
1735 0.1773481626981827
1736 0.17744815213406917
1737 0.17731234826163567
1738 0.1771360428343538
1739 0.17705589958968534
1740 0.176834464209581
1741 0.1766983705428786
1742 0.17648309524940442
1743 0.17631746346621796
1744 0.17593784035855936
1745 0.17551564481369575
1746 0.1751092396109668
1747 0.17484870299994493
1748 0.17440990032216044
1749 0.17397300156123363
1750 0.17357280341846112
1751 0.1730759547623458
1752 0.17251028027913226
1753 0.17211195102027607
1754 0.17171444896398608
1755 0.17129236450195096
1756 0.17078534041855803
1757 0.17032925760248904
1758 0.16998349917079308
1759 0.16967884942980666
1760 0.16929523280840278
1761 0.16893489125547798
1762 0.16871954393024363
1763 0.16843921922019967
1764 0.167998369166648
1765 0.16771574871642184
1766 0.1675164975957019
1767 0.1674004696784985
1768 0.1671940827787313
1769 0.16720070104084592
1770 0.16718271228112383
1771 0.16737830446302326
1772 0.16760345925269912
1773 0.16743818546403952
1774 0.16746690420855867
1775 0.16737800781901388
1776 0.16729801529065189
1777 0.16744762197321778
1778 0.1674584999753445
1779 0.16732652172934803
1780 0.1673043065650514
1781 0.167242250647245
1782 0.16728224582184884
1783 0.16718589311304682
1784 0.16716596473929188
1785 0.16692481248550511
1786 0.16681338503612078
1787 0.16662670568728968
1788 0.1666669611217147
1789 0.166626207599128
1790 0.16646862634709006
1791 0.16651324503095327
1792 0.1664142312133214
1793 0.16646141249964472
1794 0.16655931224819281
1795 0.16667189946618577
1796 0.16662808377993563
1797 0.1668444391979197
1798 0.16713697730336927
1799 0.16724677671423202
1800 0.1672445133452289
1801 0.16755693397402693
1802 0.16768015922226862
1803 0.1678002414815223
1804 0.1678916380422537
1805 0.16806397305829032
1806 0.16810182996181733
1807 0.1682198907544039
1808 0.16809491183209865
1809 0.168139332008204
1810 0.16827889035727286
1811 0.1681987976869797
1812 0.16815664982824308
1813 0.16820629739376614
1814 0.1682629342775474
1815 0.16835656838991345
1816 0.16817757864312305
1817 0.16822006827477975
1818 0.1682257005177698
1819 0.16821139409506466
1820 0.16832576357151444
1821 0.16837422623342876
1822 0.16837268397808228
1823 0.16850268369454136
1824 0.16838641359426998
1825 0.1686703765841134
1826 0.1686713304564779
1827 0.16851926158457048
1828 0.1682802082799251
1829 0.16826496801729984
1830 0.16813655446173048
1831 0.16799912868771155
1832 0.16758324119564622
1833 0.16739403907568554
1834 0.16717726910444303
1835 0.16679012099768403
1836 0.16663256501718884
1837 0.16638080065628172
1838 0.16596847025267103
1839 0.16564737707626812
1840 0.16525910592720316
1841 0.16461758226395892
1842 0.16409234537622375
1843 0.1633661652368556
1844 0.1627569499341655
1845 0.16200721183553357
1846 0.16121010333528357
1847 0.1604274438960568
1848 0.15921277025300273
1849 0.1580202751988844
1850 0.15676005062711848
1851 0.15569154317034256
1852 0.15383796712739112
1853 0.15237981187214794
1854 0.15084485792890612
1855 0.1492528638638328
1856 0.14748927442275725
1857 0.14554116906260645
1858 0.14335768537616744
1859 0.14136490888415554
1860 0.13899122284819518
1861 0.13681956072135362
1862 0.13329253350703169
1863 0.13049622793285637
1864 0.1276051456830792
1865 0.12489041045749483
1866 0.12170729316521575
1867 0.11882413475193665
1868 0.11552455045076811
1869 0.11286095560332933
1870 0.10834098954079022
1871 0.10484258249295343
1872 0.10136008527381575
1873 0.09763348718923291
1874 0.09407434141425024
1875 0.09013431705828717
1876 0.0865929686201134
1877 0.08135405324372051
1878 0.07747238856089894
1879 0.07388804517160151
1880 0.07030874969260356
1881 0.06652743267161979
1882 0.06328965308481435
1883 0.058534378124857914
1884 0.05522048698625631
1885 0.0522016381654448
1886 0.04933700189872405
1887 0.04643440012753076
1888 0.04301821315648422
1889 0.0404943111173736
1890 0.0383021954716679
1891 0.03628813925807047
1892 0.03433402078615494
1893 0.03204836897581153
1894 0.030461827400605657
1895 0.02913939482332941
1896 0.027942972854592452
1897 0.026956761091878733
1898 0.025480676055981987
1899 0.024707844626018348
1900 0.02397481073395265
1901 0.02324672335080382
1902 0.02238137460115636
1903 0.021817833842784712
1904 0.02135628658964548
1905 0.020954606961932902
1906 0.02038906130783366
1907 0.02004510220488222
1908 0.019714229286372602
1909 0.01945195170173356
1910 0.01909615012678676
1911 0.018849395121762515
1912 0.018629459682622036
1913 0.018438543776441524
1914 0.01819371495618563
1915 0.01806136579907188
1916 0.017913209408420644
1917 0.017775844712602382
1918 0.017597417076512738
1919 0.017481660766042385
1920 0.017367044769438067
1921 0.017242130969793205
1922 0.01714507762358208
1923 0.01705861410038755
1924 0.016965460706551475
1925 0.01691059835113395
1926 0.016845962884630073
1927 0.016811027060177838
1928 0.016775870243333796
1929 0.01675253472791617
1930 0.01673458182589884
1931 0.01673872338700409
1932 0.01672700268851317
1933 0.016727417189710835
1934 0.016756061727236787
1935 0.016774321654598915
1936 0.01681654609722539
1937 0.016884890541057174
1938 0.016923833643313933
1939 0.016980061602087395
1940 0.01706780113493277
1941 0.017144669136842036
1942 0.017219788717165944
1943 0.01734230235333633
1944 0.01744019622598922
1945 0.017538911831496112
1946 0.01767508740436047
1947 0.017803003410030178
1948 0.01789796321487718
1949 0.01807757107418201
1950 0.01819197649889335
1951 0.018403791634907737
1952 0.018531307150652463
1953 0.01868075598862885
1954 0.01888930185738621
1955 0.01906403700028049
1956 0.019206350382053698
1957 0.019449380918447015
1958 0.019618792670518182
1959 0.019852384473719807
1960 0.02004987957125588
1961 0.020207890668024312
1962 0.02050049586450229
1963 0.020669577963224193
1964 0.020956406532935658
1965 0.021162534768283142
1966 0.021377009882083964
1967 0.02166620437916306
1968 0.021898920892251476
1969 0.022201870111217964
1970 0.022412325462412275
1971 0.022792137303229307
1972 0.02299634385747517
1973 0.02319563677962374
1974 0.023588745028970303
1975 0.02383434017845077
1976 0.024183586474097494
1977 0.02444031043356743
1978 0.02484623630521131
1979 0.02511077473673877
1980 0.025499083907067663
1981 0.025778838911517266
1982 0.026036585268226796
1983 0.02648089022765053
1984 0.026753606627471394
1985 0.02717895226762787
1986 0.027462705359974096
1987 0.027864764937663503
1988 0.028138885124525802
1989 0.028567628491729058
1990 0.028886774231888537
1991 0.02928357709568059
1992 0.029588683260811148
1993 0.030009777885931198
1994 0.030326431710948856
1995 0.030757395384749642
1996 0.031049782183837162
1997 0.031505579402763675
1998 0.03179721762241047
1999 0.03227406546453275
2000 0.03257993927927903
2001 0.03287596016932311
2002 0.03332596007388841
2003 0.03381478373793862
2004 0.03409619330679963
2005 0.034568238181320744
2006 0.03488382441259361
2007 0.035322192443401575
2008 0.035623336233242736
2009 0.03607730372392067
2010 0.036347217515176604
2011 0.03679851857671803
2012 0.03709685917674137
2013 0.037569965146923276
2014 0.03785763237631175
2015 0.038305596791869304
2016 0.03858331219741808
2017 0.039012056092485925
2018 0.03923957610299803
2019 0.03963446380969143
2020 0.03990354708596326
2021 0.04030208593110328
2022 0.04069864599934807
2023 0.04090312824955124
2024 0.041301561052899616
2025 0.04154133965653647
2026 0.041909349884570575
2027 0.042088978459123315
2028 0.04244866821593467
2029 0.0428041232525327
2030 0.04301596128417237
2031 0.04328025930962563
2032 0.04349660548844736
2033 0.04381682849001027
2034 0.043994487692607734
2035 0.044320614263956566
2036 0.044649254109568964
2037 0.04477862959597445
2038 0.045121362258578566
2039 0.04524379170148969
2040 0.045546614959956926
2041 0.045840384079165235
2042 0.045952534654022326
2043 0.04624934098186811
2044 0.04637224390320238
2045 0.04663664037628041
2046 0.04689841589229548
2047 0.0470285284037684
2048 0.04729382200476478
2049 0.04742567573101718
2050 0.047675020441293514
2051 0.047926567607288584
2052 0.048041560977280365
2053 0.04828695064540795
2054 0.04857383296589063
2055 0.04869129232462241
2056 0.04898646349028584
2057 0.04913053603183077
2058 0.049450660413328726
2059 0.04975304777449066
2060 0.049953119282913364
2061 0.050272945006603946
2062 0.050575743476147086
2063 0.05080547990386254
2064 0.051101467508140735
2065 0.05147854355378641
2066 0.05163558341287455
2067 0.051961053277396994
2068 0.05230129322712397
2069 0.05250799122695451
2070 0.05283091695275645
2071 0.053187387101643425
2072 0.05334956618218568
2073 0.053678594647324676
2074 0.05399680859945581
2075 0.054235104892124276
2076 0.05454010214740671
2077 0.054884583368408166
2078 0.055085771673258954
2079 0.055398533722002485
2080 0.055676669208022854
2081 0.05584686136099332
2082 0.056208176638707454
2083 0.056509248509986024
2084 0.05667059979351781
2085 0.05696239170411527
2086 0.05728314729566126
2087 0.05757899840128348
2088 0.057773664290362375
2089 0.05807368611724912
2090 0.05836389677869352
2091 0.05855938297515858
2092 0.058798241165471395
2093 0.059149178597009355
2094 0.059405645407171005
2095 0.059578779960663325
2096 0.059805031443887206
2097 0.06010204634824193
2098 0.060303048664879975
2099 0.06056106776240264
2100 0.06082226373576187
2101 0.061098820457135244
2102 0.06127477632755842
2103 0.06158774967995319
2104 0.061854395869310165
2105 0.06215408112529746
2106 0.062318483020395235
2107 0.06259045078128224
2108 0.06284841941415281
2109 0.06310735585522198
2110 0.06329096701787053
2111 0.06353979547990671
2112 0.06376037065540742
2113 0.06404688283142539
2114 0.06419027389267815
2115 0.06439869804857495
2116 0.06466116109921903
2117 0.06492269280782019
2118 0.06509405272565946
2119 0.06534350731209926
2120 0.06561076681245466
2121 0.06592766029007373
2122 0.06614918184018519
2123 0.06632304034832315
2124 0.0665786816424969
2125 0.06680234860649392
2126 0.0670400470595869
2127 0.06719574804224987
2128 0.06738835383597964
2129 0.06761234524160278
2130 0.06783890042901142
2131 0.06807347013146964
2132 0.06818920103851296
2133 0.06842806696021468
2134 0.06857831008271864
2135 0.06874797826079025
2136 0.06895884175450659
2137 0.06904822344070642
2138 0.06919207604580976
2139 0.06931753038246773
2140 0.06944198112089879
2141 0.06964259378456404
2142 0.06978876174374657
2143 0.06988523484359288
2144 0.0700155382520184
2145 0.07020067536179546
2146 0.07038102591052806
2147 0.07052693626125711
2148 0.0706208953216461
2149 0.0707308538165244
2150 0.07093335173337001
2151 0.07111684670387632
2152 0.07124669469097397
2153 0.0714169219671053
2154 0.0715102349380724
2155 0.0716586449944154
2156 0.07188443026227476
2157 0.07195985405969815
2158 0.07209497849874805
2159 0.07224684470655979
2160 0.07239924115931104
2161 0.07245644958558711
2162 0.07262877750801859
2163 0.0727660088934598
2164 0.07293812276513036
2165 0.07305416760522619
2166 0.07321084397199344
2167 0.07338615112728855
2168 0.0735453683031603
2169 0.07364338040765836
2170 0.07380069502215221
2171 0.07396437427729069
2172 0.0741116492252165
2173 0.07429489027814362
2174 0.07450321474496172
2175 0.07462925124968753
2176 0.07483323464447383
2177 0.07501788580786121
2178 0.0752265399660122
2179 0.07547402397920973
2180 0.07570229192545275
2181 0.07586670209842732
2182 0.07607316894244567
2183 0.07625985797424582
2184 0.07644738729628792
2185 0.07667622089517497
2186 0.07686404270285571
2187 0.07705112546169642
2188 0.07730733589471325
2189 0.07747637835925278
2190 0.07764452355400926
2191 0.07785326636286725
2192 0.07804438758514252
2193 0.07823641516213155
2194 0.07831729151258573
2195 0.07842161808770505
2196 0.07858361538069054
2197 0.0787900003781269
2198 0.0789344016723771
2199 0.07901136481096467
2200 0.07917526883209174
2201 0.07932891922972057
2202 0.0794623627878831
2203 0.07959944766963066
2204 0.07968738570449937
2205 0.07982183443672553
2206 0.07990708631936808
2207 0.08003924502607052
2208 0.0802151938336601
2209 0.08032713754646076
2210 0.08048143841335548
2211 0.08064093381712754
2212 0.08073083678441273
2213 0.08084871654684067
2214 0.0808947388627707
2215 0.08098669177283918
2216 0.08099634055269503
2217 0.08105193160619058
2218 0.08104198479791683
2219 0.0810746275864052
2220 0.08115331505762996
2221 0.08116456537396466
2222 0.08117424428278666
2223 0.08109682707366
2224 0.08106052685937801
2225 0.08100287759781492
2226 0.0808552784272416
2227 0.0807081389858277
2228 0.08056323105535902
2229 0.08034902126332369
2230 0.08009069628191408
2231 0.079901014197705
2232 0.07962277130884163
2233 0.07930503343241158
2234 0.07905225923083384
2235 0.07869127151735167
2236 0.07829901770159503
2237 0.07786680197755566
2238 0.07748415706809063
2239 0.07701824973372674
2240 0.07651341874935433
2241 0.07601233081380279
2242 0.0754959313200741
2243 0.07492722338408754
2244 0.074362386622157
2245 0.07380426076180578
2246 0.07319856036122674
2247 0.07263925743442867
2248 0.07207039761536195
2249 0.07148572043552405
2250 0.07094704871007548
2251 0.07041339079387039
2252 0.0698846619097031
2253 0.06921921687528032
2254 0.06868831503933646
2255 0.06807548390811882
2256 0.06754875712015718
2257 0.06700999912298156
2258 0.0665317130940892
2259 0.06598883785713114
2260 0.06548680037561821
2261 0.06493939628469367
2262 0.06451216414663495
2263 0.06402361127054487
2264 0.06354220924171003
2265 0.06308193776522399
2266 0.06265351051959363
2267 0.06221456160667036
2268 0.06176740107449472
2269 0.06132339662188023
2270 0.060898956528747536
2271 0.06055253210659994
2272 0.06022351429006616
2273 0.05987064149934067
2274 0.05944905994219043
2275 0.05915722710136873
2276 0.05878358622943579
2277 0.05848441815112375
2278 0.05819997079739826
2279 0.05790298717742079
2280 0.0576630457578487
2281 0.05735091824106058
2282 0.05699001947521791
2283 0.05672251743217468
2284 0.05635353029922244
2285 0.05601376496767313
2286 0.055683759320112235
2287 0.05526888069870316
2288 0.05492193342427475
2289 0.05455234164061254
2290 0.05416218311392931
2291 0.053900017871305564
2292 0.05354302706389153
2293 0.05328415824228438
2294 0.05296844251399375
2295 0.052703330660219844
2296 0.052396233966276726
2297 0.05212488405994412
2298 0.05173215988043549
2299 0.05150092092007128
2300 0.05121539030584961
2301 0.050957877394815915
2302 0.05064758019651918
2303 0.05044962740330729
2304 0.0502184312136989
2305 0.05006512965772236
2306 0.04969925984354788
2307 0.04955893365010499
2308 0.04942962382941368
2309 0.04927993926646833
2310 0.04914137636489899
2311 0.049075496233439354
2312 0.04894849519587606
2313 0.04889446011374399
2314 0.048643383977478236
2315 0.04864120818926894
2316 0.04851442113335816
2317 0.04842884499143975
2318 0.048333405056216916
2319 0.04828905515168637
2320 0.048153458203394596
2321 0.04804836257766498
2322 0.047783129031853576
2323 0.047698534057553664
2324 0.04754528997401985
2325 0.04738289140752884
2326 0.04725869118869285
2327 0.04714585545500292
2328 0.046779725880182206
2329 0.04663962553439751
2330 0.046442480044422176
2331 0.04625620656300527
2332 0.04604374298956207
2333 0.04582275999896877
2334 0.045594567757686645
2335 0.04524830912619236
2336 0.0450478065937664
2337 0.04484807906555475
2338 0.0446321496496497
2339 0.04443515622514015
2340 0.04404499898316614
2341 0.04389779404935275
2342 0.04366454379716002
2343 0.04350187340577703
2344 0.04331489827545851
2345 0.04316259939167322
2346 0.04287751694721555
2347 0.04275515621360617
2348 0.04262392620629367
2349 0.042536154164822766
2350 0.04239870229759159
2351 0.0421237644223658
2352 0.04207171056025164
2353 0.04197128090990581
2354 0.041789918616363456
2355 0.0416897691837717
2356 0.04161124541202544
2357 0.04133225091619477
2358 0.041254780931766113
2359 0.04120925029559189
2360 0.04106068586954097
2361 0.040955956917747276
2362 0.040641243227046986
2363 0.040570215896422734
2364 0.04048271522255144
2365 0.04038883441256446
2366 0.04010838426119827
2367 0.03998265625034335
2368 0.039820668342488146
2369 0.03965867071562312
2370 0.03954999090917425
2371 0.03924623772984955
2372 0.03910839669527364
2373 0.03895558740611735
2374 0.03886911478597982
2375 0.03853010259137666
2376 0.03848279691165981
2377 0.038313114285168565
2378 0.038130395191638675
2379 0.0380545515004942
2380 0.03773499641249261
2381 0.0375955460522103
2382 0.03740964137609143
2383 0.03729357658536488
2384 0.036988277586587126
2385 0.036826271876707006
2386 0.03668236542796723
2387 0.03655152857600657
2388 0.03622464316383237
2389 0.03604428049996745
2390 0.03587153803118037
2391 0.035710231063464555
2392 0.035384828129677276
2393 0.035213465817085385
2394 0.035044571148491965
2395 0.03490656053944416
2396 0.03460717618036479
2397 0.034462680032888854
2398 0.03429469502117165
2399 0.03415812968589316
2400 0.033827469277842935
2401 0.03368208628520986
2402 0.03348099873035593
2403 0.033349334702711945
2404 0.03296931408334096
2405 0.03280709820517673
2406 0.032623600199909314
2407 0.03230514907819708
2408 0.032119545357260124
2409 0.03195297872859356
2410 0.031803161928721735
2411 0.031516147566383185
2412 0.03129074391346346
2413 0.0310878382858304
2414 0.030745494371166218
2415 0.030568104085136966
2416 0.03036197184383497
2417 0.030162769349645433
2418 0.029840129741004702
2419 0.02964248457297252
2420 0.029432117984872934
2421 0.029081784786345998
2422 0.028864707016348034
2423 0.028655238601435186
2424 0.02846431695489969
2425 0.028087926524054826
2426 0.0279025347765487
2427 0.02769408399555589
2428 0.02736022972796283
2429 0.02715821316645098
2430 0.02692077767024443
2431 0.02660917673931025
2432 0.026401887513825894
2433 0.02619030026932103
2434 0.0260142934127912
2435 0.025659815048505983
2436 0.025470152337874228
2437 0.025264405464354763
2438 0.024956276821705498
2439 0.02475363021281791
2440 0.024571007978808165
2441 0.024244666999052485
2442 0.02408058791284225
2443 0.02388500381062216
2444 0.023537322454065875
2445 0.02331369606900341
2446 0.02312133385507436
2447 0.022812624056597626
2448 0.022610706932744164
2449 0.022424133793480894
2450 0.022125782402322075
2451 0.02192929483151424
2452 0.021755146253654743
2453 0.021424974699196936
2454 0.021253856472010748
2455 0.021089770090035792
2456 0.02078473893787158
2457 0.020632326597907907
2458 0.020464881216647336
2459 0.020191957445222765
2460 0.020039324649227423
2461 0.01987359596259422
2462 0.019614511816754603
2463 0.019498079090256158
2464 0.01936803812007419
2465 0.019143182923478986
2466 0.01899190717849177
2467 0.018756821025981706
2468 0.018601104014089553
2469 0.0185046509837622
2470 0.018280725321722608
2471 0.018186726832468005
2472 0.018079940594441325
2473 0.017850889671668237
2474 0.017741246731041983
2475 0.017653093715925043
2476 0.017483262850314023
2477 0.01740340868943421
2478 0.01724931788254932
2479 0.01714272695145228
2480 0.017049615094168705
2481 0.01691582875520024
2482 0.016847218644391183
2483 0.01681220144321135
2484 0.01666813798580644
2485 0.01655417898697493
2486 0.016313847271099358
2487 0.016289814132831624
2488 0.01620950367650459
2489 0.01600924762726256
2490 0.01597330144421987
2491 0.015892200999783737
2492 0.015788738473251032
2493 0.01573447422080836
2494 0.015660841152980057
2495 0.015630477595096115
2496 0.015621083066150055
2497 0.015520065608194697
2498 0.01552137358947849
2499 0.015403220251108025
2500 0.015431945406540998
