0     0.380       0.01
1     0.390       0.01
2     0.400       0.01
3     0.410       0.01
4     0.420       0.01
5     0.430       0.01
6     0.440       0.01
7     0.450       0.01
8     0.460       0.01
9     0.470       0.01
10    0.480       0.01
11    0.490       0.01
12    0.500       0.01
13    0.510       0.01
14    0.520       0.01
15    0.530       0.01
16    0.540       0.01
17    0.550       0.01
18    0.560       0.01
19    0.570       0.01
20    0.580       0.01
21    0.590       0.01
22    0.600       0.01
23    0.610       0.01
24    0.620       0.01
25    0.630       0.01
26    0.640       0.01
27    0.650       0.01
28    0.660       0.01
29    0.670       0.01
30    0.680       0.01
31    0.690       0.01
32    0.700       0.01
33    0.710       0.01
34    0.720       0.01
35    0.730       0.01
36    0.740       0.01
37    0.750       0.01
38    0.760       0.01
39    0.770       0.01
40    0.780       0.01
41    0.790       0.01
42    0.800       0.01
43    0.810       0.01
44    0.820       0.01
45    0.830       0.01
46    0.840       0.01
47    0.850       0.01
48    0.860       0.01
49    0.870       0.01
50    0.880       0.01
51    0.890       0.01
52    0.900       0.01
53    0.910       0.01
54    0.920       0.01
55    0.930       0.01
56    0.940       0.01
57    0.950       0.01
58    0.960       0.01
59    0.970       0.01
60    0.980       0.01
61    0.990       0.01
62    1.000       0.01
63    1.010       0.01
64    1.020       0.01
65    1.030       0.01
66    1.040       0.01
67    1.050       0.01
68    1.060       0.01
69    1.070       0.01
70    1.080       0.01
71    1.090       0.01
72    1.100       0.01
73    1.110       0.01
74    1.120       0.01
75    1.130       0.01
76    1.140       0.01
77    1.150       0.01
78    1.160       0.01
79    1.170       0.01
80    1.180       0.01
81    1.190       0.01
82    1.200       0.01
83    1.210       0.01
84    1.220       0.01
85    1.230       0.01
86    1.240       0.01
87    1.250       0.01
88    1.260       0.01
89    1.270       0.01
90    1.280       0.01
91    1.290       0.01
92    1.300       0.01
93    1.310       0.01
94    1.320       0.01
95    1.330       0.01
96    1.340       0.01
97    1.350       0.01
98    1.360       0.01
99    1.370       0.01
100   1.380       0.01
101   1.390       0.01
102   1.400       0.01
103   1.410       0.01
104   1.420       0.01
105   1.430       0.01
106   1.440       0.01
107   1.450       0.01
108   1.460       0.01
109   1.470       0.01
110   1.480       0.01
111   1.490       0.01
112   1.500       0.01
113   1.510       0.01
114   1.520       0.01
115   1.530       0.01
116   1.540       0.01
117   1.550       0.01
118   1.560       0.01
119   1.570       0.01
120   1.580       0.01
121   1.590       0.01
122   1.600       0.01
123   1.610       0.01
124   1.620       0.01
125   1.630       0.01
126   1.640       0.01
127   1.650       0.01
128   1.660       0.01
129   1.670       0.01
130   1.680       0.01
131   1.690       0.01
132   1.700       0.01
133   1.710       0.01
134   1.720       0.01
135   1.730       0.01
136   1.740       0.01
137   1.750       0.01
138   1.760       0.01
139   1.770       0.01
140   1.780       0.01
141   1.790       0.01
142   1.800       0.01
143   1.810       0.01
144   1.820       0.01
145   1.830       0.01
146   1.840       0.01
147   1.850       0.01
148   1.860       0.01
149   1.870       0.01
150   1.880       0.01
151   1.890       0.01
152   1.900       0.01
153   1.910       0.01
154   1.920       0.01
155   1.930       0.01
156   1.940       0.01
157   1.950       0.01
158   1.960       0.01
159   1.970       0.01
160   1.980       0.01
161   1.990       0.01
162   2.000       0.01
163   2.010       0.01
164   2.020       0.01
165   2.030       0.01
166   2.040       0.01
167   2.050       0.01
168   2.060       0.01
169   2.070       0.01
170   2.080       0.01
171   2.090       0.01
172   2.100       0.01
173   2.110       0.01
174   2.120       0.01
175   2.130       0.01
176   2.140       0.01
177   2.150       0.01
178   2.160       0.01
179   2.170       0.01
180   2.180       0.01
181   2.190       0.01
182   2.200       0.01
183   2.210       0.01
184   2.220       0.01
185   2.230       0.01
186   2.240       0.01
187   2.250       0.01
188   2.260       0.01
189   2.270       0.01
190   2.280       0.01
191   2.290       0.01
192   2.300       0.01
193   2.310       0.01
194   2.320       0.01
195   2.330       0.01
196   2.340       0.01
197   2.350       0.01
198   2.360       0.01
199   2.370       0.01
200   2.380       0.01
201   2.390       0.01
202   2.400       0.01
203   2.410       0.01
204   2.420       0.01
205   2.430       0.01
206   2.440       0.01
207   2.450       0.01
208   2.460       0.01
209   2.470       0.01
210   2.480       0.01
211   2.490       0.01
212   2.500       0.01
